# ASCII output from GENSvis.py
# Contains interpolated values from the
# GFS ensemble on 1.000000 x 1.000000 degrees
# The data in here are for station
# 11120: INNSBRUCK
# Station position:  11.3553 47.2589
# Used grid point 1: 12.0000 48.0000
# Used grid point 2: 12.0000 47.0000
# Used grid point 3: 11.0000 47.0000
# Used grid point 4: 11.0000 48.0000
varname    timestamp    step mem0      mem1      mem2      mem3      mem4      mem5      mem6      mem7      mem8      mem9      mem10     mem11     mem12     mem13     mem14     mem15     mem16     mem17     mem18     mem19     mem20     
tmax2m       1586844000    6   273.273   273.141   273.196   273.094   272.980   273.326   273.318   273.136   273.335   272.944   273.389   273.461   273.508   272.992   273.133   273.395   273.455   273.576   273.381   273.609   273.441
tmax2m       1586865600   12   273.300   273.389   273.198   273.092   273.444   272.758   272.570   273.619   273.787   272.935   273.414   273.206   273.626   274.144   272.608   273.545   273.205   273.273   273.109   273.161   273.787
tmax2m       1586887200   18   273.633   273.637   273.594   273.459   273.858   273.153   272.927   273.876   273.989   273.310   273.672   273.520   273.993   274.432   273.114   273.950   273.507   273.740   273.375   273.554   274.089
tmax2m       1586908800   24   267.711   267.994   267.913   267.585   268.116   267.564   267.589   267.904   268.018   267.263   268.113   268.262   268.052   268.329   267.757   268.097   268.170   267.816   267.748   267.935   268.169
tmax2m       1586930400   30   270.247   270.046   270.264   270.349   270.377   270.085   269.502   270.118   270.629   270.129   270.159   270.005   270.587   270.941   270.081   270.386   270.071   270.587   269.943   270.075   270.725
tmax2m       1586952000   36   283.536   282.595   280.881   282.802   283.440   283.205   281.532   282.371   283.747   284.037   282.390   282.183   281.154   282.724   282.080   282.794   282.421   284.124   282.557   283.302   283.049
tmax2m       1586973600   42   284.433   283.495   284.696   283.195   284.618   284.101   282.360   282.747   284.634   284.830   283.502   282.867   285.055   285.773   283.034   283.454   283.143   284.987   283.741   283.637   284.993
tmax2m       1586995200   48   274.371   274.529   274.338   274.628   274.487   274.398   273.387   274.192   274.525   274.044   274.068   274.312   274.621   274.795   274.006   274.372   274.303   274.587   274.110   274.441   274.652
tmax2m       1587016800   54   275.898   275.915   275.916   275.771   275.917   275.645   275.448   275.821   276.082   275.921   275.767   275.780   275.960   276.132   275.791   275.916   275.693   276.030   275.847   275.980   275.936
tmax2m       1587038400   60   286.242   286.636   285.841   286.513   285.972   286.375   285.872   285.879   286.525   286.369   286.343   286.241   286.181   286.718   285.812   286.072   286.208   286.447   286.331   286.744   286.376
tmax2m       1587060000   66   286.096   286.514   285.422   286.693   286.500   286.750   285.351   284.951   286.497   286.417   286.190   285.748   286.084   286.798   284.786   286.266   285.386   286.383   285.492   286.627   286.526
tmax2m       1587081600   72   277.289   276.929   277.011   276.976   277.486   276.616   276.807   276.781   277.164   276.884   276.585   277.414   276.927   277.593   277.717   277.609   277.460   277.379   277.270   277.599   276.344
tmax2m       1587103200   78   278.144   278.280   277.853   278.242   277.909   278.268   277.696   277.806   278.367   278.363   278.428   277.894   278.026   278.265   277.649   278.328   278.128   278.057   278.152   278.194   278.334
tmax2m       1587124800   84   288.522   289.047   286.259   288.597   286.135   288.292   285.631   287.987   288.684   288.895   288.336   288.139   288.417   288.098   288.517   288.457   288.683   287.316   287.956   288.744   288.954
tmax2m       1587146400   90   288.056   289.118   286.219   287.897   286.139   287.719   285.364   287.775   288.362   288.412   288.031   288.075   287.662   287.608   288.426   288.044   288.249   287.279   287.292   288.679   288.813
tmax2m       1587168000   96   278.658   278.527   278.189   278.275   277.177   279.375   277.076   279.290   279.866   278.467   280.231   280.116   279.341   279.804   279.574   278.372   278.678   278.098   278.641   278.739   279.639
tmax2m       1587189600  102   279.659   279.567   279.279   279.418   278.789   278.648   278.880   278.872   278.925   279.206   278.686   278.672   279.145   279.028   279.315   279.675   279.449   279.540   278.752   279.715   278.753
tmax2m       1587211200  108   286.500   288.360   285.963   287.605   288.185   283.917   286.865   285.134   286.371   287.975   287.074   283.097   285.155   285.468   287.592   288.250   287.688   289.120   285.930   287.117   284.544
tmax2m       1587232800  114   286.047   287.502   285.828   287.382   287.855   283.679   285.186   284.298   285.293   287.016   285.702   282.809   284.824   284.716   286.214   287.925   286.327   287.760   285.916   286.019   284.186
tmax2m       1587254400  120   280.561   280.126   280.759   280.983   281.574   279.532   280.352   279.020   280.195   280.466   280.489   278.963   279.678   280.047   280.357   282.104   280.229   281.375   279.046   280.551   280.044
tmax2m       1587276000  126   279.142   279.326   279.439   279.446   279.926   278.427   278.528   279.281   278.838   279.822   279.016   278.732   279.114   279.184   279.686   279.732   279.406   279.971   279.555   279.680   278.675
tmax2m       1587297600  132   282.932   283.332   284.718   284.999   282.428   282.605   284.777   284.876   284.142   284.429   285.611   284.384   284.581   283.669   285.248   287.331   284.341   281.400   285.305   282.949   282.108
tmax2m       1587319200  138   283.391   283.901   283.911   284.956   283.302   282.777   284.784   284.323   283.866   284.732   284.393   284.285   284.228   284.215   284.582   285.825   284.236   282.090   284.322   283.265   282.151
tmax2m       1587340800  144   280.930   280.297   280.455   281.400   280.359   279.633   281.088   281.304   280.414   281.206   280.130   279.935   280.817   281.238   281.049   282.475   281.455   280.418   280.340   280.441   280.016
tmax2m       1587362400  150   279.295   278.571   278.989   279.805   279.599   277.546   279.304   279.817   278.753   279.703   278.433   279.026   279.321   279.663   279.398   280.719   279.390   278.989   279.089   278.493   278.506
tmax2m       1587384000  156   285.314   280.542   281.192   281.200   287.213   280.008   281.754   282.623   287.911   282.030   281.473   285.175   286.215   285.248   287.222   287.183   283.482   281.849   287.211   282.505   285.187
tmax2m       1587405600  162   285.191   280.997   281.372   281.039   287.036   279.807   281.114   282.088   287.581   282.867   281.792   284.773   285.918   285.196   286.699   286.092   284.010   281.473   287.432   283.390   284.963
tmax2m       1587427200  168   280.137   278.848   278.862   279.327   281.651   277.808   277.936   278.572   281.622   279.597   278.793   279.582   279.947   280.848   281.278   281.737   280.773   278.684   281.048   279.566   279.860
tmax2m       1587448800  174   278.207   277.680   276.509   276.776   278.916   275.869   275.182   276.248   278.201   277.723   276.860   276.646   278.008   277.876   278.424   277.854   278.891   276.890   279.312   277.905   277.713
tmax2m       1587470400  180   279.936   278.415   279.261   276.937   286.707   278.860   275.906   279.942   284.397   278.352   280.286   278.904   283.542   283.265   282.282   284.671   285.643   282.906   286.066   281.645   281.573
tmax2m       1587492000  186   280.095   278.860   279.034   277.285   285.865   278.605   276.592   280.345   284.565   277.556   281.015   279.140   283.122   281.556   282.350   282.073   285.704   282.196   286.534   281.327   280.726
tmax2m       1587513600  192   278.841   276.110   276.742   273.982   281.010   276.485   275.615   277.636   280.831   275.358   277.766   276.437   279.352   277.864   279.217   276.952   281.336   278.290   281.705   278.735   278.248
tmax2m       1587535200  198   278.351   276.953   275.797   272.793   279.321   276.574   276.272   276.348   278.476   274.398   276.173   275.868   278.039   276.218   278.000   276.822   280.262   277.068   279.596   277.058   276.898
tmax2m       1587556800  204   281.556   283.906   279.255   280.183   285.697   280.925   280.954   279.761   287.883   275.648   281.176   280.794   277.168   275.631   280.459   280.551   286.576   278.396   286.972   279.329   281.879
tmax2m       1587578400  210   281.707   284.243   278.394   280.161   286.170   280.957   280.230   279.862   287.816   275.474   281.422   281.047   276.594   275.385   280.906   280.368   286.318   278.132   286.551   279.036   282.008
tmax2m       1587600000  216   277.344   280.049   274.423   275.767   282.515   278.473   277.721   276.358   281.629   273.821   277.114   277.569   274.482   272.969   277.664   277.092   280.718   275.324   281.389   275.221   277.649
tmax2m       1587621600  222   275.660   277.905   271.518   273.405   280.731   277.682   275.735   273.129   279.141   272.427   274.032   276.034   272.505   270.627   273.761   276.443   278.860   272.491   279.993   271.096   272.530
tmax2m       1587643200  228   281.262   282.130   272.391   278.355   287.371   285.036   278.557   279.066   282.484   275.092   281.740   280.702   275.960   272.600   278.548   279.560   279.055   272.675   286.577   274.907   282.445
tmax2m       1587664800  234   280.534   281.812   272.694   279.121   286.041   284.060   278.110   279.042   283.063   275.382   281.815   280.545   276.107   272.590   278.625   279.672   278.953   272.790   286.259   275.370   283.070
tmax2m       1587686400  240   276.065   277.906   267.418   276.229   280.049   280.224   274.980   274.552   280.359   272.958   276.619   277.685   273.506   269.778   272.081   276.438   276.697   268.768   281.503   272.722   275.647
dd10m        1586844000    6   341.513   341.768   339.977   339.296   338.712   339.978   343.593   343.961   341.857   341.564   338.846   344.699   340.985   343.998   339.656   340.886   341.043   338.721   343.686   338.942   345.688
dd10m        1586865600   12   352.351   352.681   351.885   352.884   351.327   355.012   356.357   351.715   352.328   354.285   348.788   354.494   351.990   349.750   355.895   352.283   351.859   354.518   352.643   353.293   351.467
dd10m        1586887200   18    20.608    20.742    18.299    22.781    16.734    28.157    23.625    16.460    17.850    24.576    16.250    24.239    15.797    16.190    22.750    22.238    18.142    21.825    22.287    24.216    20.571
dd10m        1586908800   24   186.484   185.449   178.676   192.697   175.264   180.806   214.862   188.590   177.465   183.396   182.744   180.710   180.771   183.367   203.099   178.471   177.829   182.824   204.049   184.527   175.994
dd10m        1586930400   30   195.517   190.191   193.794   195.673   202.481   177.656   163.759   223.987   214.944   203.477   198.424   209.938   196.585   194.813   165.430   190.760   211.722   201.484   190.410   162.259   193.546
dd10m        1586952000   36    35.652    38.966    43.684    31.611    54.321    57.088    33.119    18.487    33.087    33.384    34.526    32.949    32.024    36.858    28.087    38.834    40.634    33.512    38.839    38.625    52.640
dd10m        1586973600   42    80.387    84.372    99.479    86.288    90.022   101.004    62.321    67.096    87.401    68.843    76.737    77.275    80.248    90.004    69.611    84.316    83.127    70.602    78.496    82.453    88.684
dd10m        1586995200   48   185.541   184.695   192.972   180.806   190.328   184.257   184.424   185.723   187.897   186.607   183.376   183.751   187.591   190.517   184.715   185.464   182.926   185.897   187.742   185.286   184.103
dd10m        1587016800   54   205.548   204.114   217.224   198.707   209.525   204.503   207.133   208.118   207.658   201.278   201.568   201.249   203.968   206.284   206.383   208.031   206.671   208.857   208.175   204.634   203.406
dd10m        1587038400   60   273.993   276.944   302.471   246.527   254.768   293.352   272.181   308.278   285.220   259.541   274.767   274.560   279.163   290.952   287.450   251.135   293.998   275.069   300.240   279.352   266.882
dd10m        1587060000   66     4.901    10.273     3.836   341.424     9.366     6.611    26.356     7.246    18.535   356.017    19.194   348.269    23.655    35.028   347.429     6.141   359.765    27.160    11.642     3.223    17.722
dd10m        1587081600   72   230.278   237.619   235.634   227.341   214.724   227.723   242.009   208.420   225.051   231.009   228.468   235.389   218.817   221.136   231.548   229.098   218.164   224.214   226.470   256.748   217.617
dd10m        1587103200   78   234.629   239.653   248.272   221.075   258.989   206.473   252.235   212.047   226.220   244.724   207.360   219.487   216.841   218.679   246.755   221.285   225.907   258.368   220.296   243.790   224.377
dd10m        1587124800   84   297.629   324.236   321.866   304.607   326.544   222.483   317.577   321.112   276.299   282.767   251.763   264.148   306.987   240.078   295.997   296.850   310.224   325.339   281.177   332.230   272.227
dd10m        1587146400   90    80.105    73.444    22.990    61.159    21.515   139.921    11.758   111.365   111.913    21.413   150.388   148.619    94.906   176.364   144.819    51.243    88.481    21.838    37.186   101.808   105.656
dd10m        1587168000   96   201.765   203.114   198.165   200.182   206.412   207.141   210.521   209.237   232.376   222.725   208.157   216.916   200.834   220.044   203.180   204.347   213.087   204.774   210.526   210.310   192.419
dd10m        1587189600  102   212.117   241.534   205.319   200.588   193.623   235.055   203.821   265.542   243.708   263.970   264.687   256.881   215.427   277.348   241.340   206.643   222.787   207.040   268.194   252.821   212.046
dd10m        1587211200  108   237.893   232.385   226.578   197.518   249.671   286.870   193.188   303.531   278.751   288.702   273.716   270.058   244.337   287.783   241.961   192.353   227.677   158.848   308.276   285.819   258.311
dd10m        1587232800  114   209.039    20.407   198.152   186.014   139.107   310.393   206.849    36.945   336.804    17.003   331.895   308.471   338.977    18.709   273.795   178.859   194.503   154.360    15.438   354.310   262.679
dd10m        1587254400  120   197.680   183.323   226.080   198.593   183.134   210.216   213.509   176.994   355.974   184.877   207.506   245.753   157.459   169.875   222.736   201.592   197.818   199.352   184.848   192.610   197.598
dd10m        1587276000  126   175.233   189.259   262.823   220.855   176.724   248.899   217.550   172.462   163.855   181.848   235.573   199.925   160.511   175.152   267.568   229.607   199.712   182.610   187.013   184.153   163.157
dd10m        1587297600  132   168.243   176.189   222.975   237.993   191.222   267.729   247.709   171.800   153.973   179.985   301.852   201.717   170.746   155.174    67.662   229.099   293.541   243.122   150.293   145.767   162.081
dd10m        1587319200  138   150.606   189.200   163.709   157.566   196.192    16.456   162.494   163.346   153.825   161.665    30.717   115.539   159.505   151.169   122.588   162.600   150.449    27.048   155.796    85.174   151.248
dd10m        1587340800  144   163.566   188.979   250.045   165.962   186.022    72.372   173.692   182.166   174.458   177.187   132.208   187.709   172.009   170.308   170.087   173.704   164.882   109.304   178.456   162.971   168.395
dd10m        1587362400  150   174.499   177.404   354.542   171.859   165.665    79.455   163.924   228.594   182.766   174.825    97.498   167.883   175.663   164.191   175.180   185.494   162.487    92.268   180.851   148.489   159.042
dd10m        1587384000  156   177.583   172.701    44.739   152.675   156.587    87.774   133.515   331.043   126.943   158.112    93.696   144.423   173.445   153.163   143.587   167.687   143.286    94.393   162.494   146.504   109.943
dd10m        1587405600  162   144.465   221.804    70.517   158.458   162.580   100.051    22.131    26.752   143.594   139.623    98.714   120.450   173.043   138.178   147.703   148.175   125.486    96.218   165.775   104.875   110.798
dd10m        1587427200  168   152.235   303.714    99.363   285.028   180.347   127.745    31.131    47.414   161.600   150.505   105.663   127.223   182.955   160.611   165.572   167.783   149.555   134.029   179.257   144.970   143.119
dd10m        1587448800  174   137.332   331.491   107.215   314.241   188.303   126.527    46.600    78.049   142.871   114.419   114.164    86.461   197.261   126.454    92.372   187.576   158.019   156.118   171.616   155.562   144.872
dd10m        1587470400  180   148.712   352.170   108.967   334.164   164.265   118.126    84.885    90.726   115.687    36.635   112.672    66.157   143.814    35.711    94.801    40.768   157.857    91.672   154.584    88.399    78.240
dd10m        1587492000  186   158.470    34.842   173.243     8.237   176.753    35.838   113.696    95.586   126.664    19.827    95.597    60.167   186.392    14.128    91.911    33.131   171.838   129.098   142.685    51.996    41.541
dd10m        1587513600  192   178.083   163.535   193.733    53.385   182.479   163.045   142.124   145.170   150.488    57.178   115.358    67.321   198.358    36.577   127.722   113.370   203.636   220.478   173.657    32.001    46.698
dd10m        1587535200  198   201.633   162.382   234.637    53.053   200.137    67.710   133.362    26.494   161.732    12.036    93.450    60.350   269.873    25.578    50.192   132.711   248.909   259.414   186.161    26.384    43.320
dd10m        1587556800  204   216.560   166.771   312.236    44.361   232.254    85.144    79.289    22.630   130.998    41.708    49.927    49.991   323.700    22.279    43.727   157.137   296.590     1.187   185.415    43.911    52.051
dd10m        1587578400  210   225.158   163.368   340.613    32.638   171.767    86.711    68.288    11.746   165.455    37.374    43.808    48.829   345.607    30.231    32.722   131.923   313.842    16.907   244.574    44.937    43.976
dd10m        1587600000  216   208.341   181.064   349.810    30.972   178.131   142.554    93.621    16.331   195.154    32.928    92.988   101.494   340.791    30.346    24.390   174.835     9.303    27.975   177.797    56.565    49.651
dd10m        1587621600  222   294.676   188.274    11.208    41.204   170.656   146.376    18.049    19.402   214.235    15.757   108.353    71.012   355.185    25.817     0.733   188.457    44.068    27.318   178.165    54.317    49.505
dd10m        1587643200  228   356.272   222.736    10.049    58.873   176.980    81.621    19.004    24.091   223.478    29.371    80.948    62.245     8.931    24.854   357.339    46.739    53.631    32.904   151.464    55.747    48.956
dd10m        1587664800  234   359.393   289.897     5.356    53.430   225.473    62.571     5.528    14.797   226.100    23.979    65.301    68.576     9.252    17.141     1.268    16.872    46.372    29.877   173.443    44.262    62.832
dd10m        1587686400  240     6.776   297.258   293.154    56.988   213.145    17.123   337.941     6.645   216.902    19.458   143.159   139.251     3.272    13.635     7.361   348.658    97.075    33.255   212.133    81.063   169.340
ff10m        1586844000    6     3.644     3.497     3.500     3.597     3.523     3.790     3.818     3.475     3.572     3.663     3.696     3.820     3.703     3.402     3.883     3.651     3.717     3.728     3.737     3.659     3.665
ff10m        1586865600   12     3.832     3.959     3.822     3.891     3.779     3.837     3.915     3.920     3.899     3.823     3.915     3.972     3.738     3.924     3.715     3.768     3.877     3.690     3.850     3.748     3.794
ff10m        1586887200   18     2.265     2.448     2.383     2.227     2.330     2.247     2.249     2.328     2.251     2.157     2.366     2.446     2.259     2.310     2.284     2.309     2.336     2.228     2.254     2.337     2.308
ff10m        1586908800   24     0.772     0.790     0.799     0.813     0.895     0.881     0.252     0.727     0.586     0.816     0.565     0.522     0.901     1.063     0.717     0.969     0.511     1.074     0.758     0.718     0.932
ff10m        1586930400   30     0.593     0.351     0.854     0.471     0.781     0.883     0.319     0.550     0.733     0.853     0.833     0.329     0.853     0.781     0.226     0.664     0.318     0.747     0.416     0.440     0.694
ff10m        1586952000   36     1.941     2.275     1.598     2.344     1.729     1.892     2.206     2.140     1.937     1.742     2.157     2.237     1.515     1.631     2.075     2.127     2.133     1.772     2.054     2.162     1.778
ff10m        1586973600   42     1.481     1.541     1.231     1.665     1.111     1.527     1.740     1.582     1.362     1.381     1.641     1.561     1.301     1.349     1.463     1.541     1.559     1.285     1.380     1.560     1.449
ff10m        1586995200   48     2.389     2.459     2.389     2.580     2.354     2.426     2.302     2.343     2.408     2.312     2.370     2.423     2.421     2.441     2.353     2.399     2.433     2.418     2.367     2.417     2.433
ff10m        1587016800   54     2.199     2.269     2.002     2.480     2.122     2.218     2.084     2.139     2.188     2.242     2.322     2.419     2.329     2.280     2.246     2.083     2.366     2.075     2.171     2.140     2.216
ff10m        1587038400   60     1.115     1.043     1.499     1.473     1.029     0.995     0.624     1.570     1.356     0.991     1.013     1.032     1.409     1.206     1.227     1.091     1.335     1.023     1.185     0.915     1.114
ff10m        1587060000   66     0.806     0.733     1.080     0.483     0.963     0.425     0.448     1.090     0.961     0.304     0.343     0.889     0.658     0.554     1.129     0.918     1.067     0.785     1.049     0.807     0.382
ff10m        1587081600   72     1.371     1.207     1.832     1.898     1.792     1.028     1.215     1.713     1.668     1.302     1.332     1.031     2.009     1.736     1.564     1.617     1.355     1.430     1.091     0.543     1.526
ff10m        1587103200   78     1.466     1.277     1.416     1.660     1.346     1.687     1.287     2.068     1.426     1.412     1.630     1.656     1.898     1.931     1.396     1.355     1.421     1.038     1.571     1.286     1.606
ff10m        1587124800   84     1.189     0.835     2.171     1.445     1.695     0.639     2.108     0.654     0.878     0.844     0.587     0.810     0.845     0.826     0.810     1.358     0.840     1.659     0.431     0.786     0.994
ff10m        1587146400   90     0.608     0.813     1.232     0.785     1.151     0.956     1.115     0.619     0.564     0.344     1.322     1.027     0.633     0.466     0.740     0.757     0.685     1.226     0.448     0.416     0.675
ff10m        1587168000   96     2.269     2.344     2.360     2.205     1.400     2.571     2.149     2.506     1.712     2.048     2.171     2.394     2.582     2.466     2.181     2.250     2.243     2.004     2.324     2.233     2.170
ff10m        1587189600  102     1.969     1.627     2.373     2.234     1.648     2.023     2.085     1.558     1.609     1.385     1.783     1.220     2.206     1.802     1.488     2.005     1.828     1.547     1.871     1.541     1.839
ff10m        1587211200  108     1.109     1.304     1.835     1.999     0.535     1.735     1.094     2.144     2.232     1.255     1.972     1.341     2.177     2.174     0.331     1.452     0.789     0.393     2.401     1.392     0.950
ff10m        1587232800  114     0.814     0.375     1.550     2.422     1.640     0.493     1.701     1.037     1.559     0.763     1.797     0.647     0.818     1.338     0.067     1.278     0.746     1.034     1.519     0.785     0.660
ff10m        1587254400  120     1.840     2.567     1.660     2.703     3.502     1.167     2.295     1.888     0.325     2.521     0.820     1.583     0.458     2.304     1.490     2.101     1.793     2.577     2.381     1.702     1.773
ff10m        1587276000  126     1.424     2.467     1.242     2.413     3.068     0.662     1.940     1.832     1.678     2.726     1.278     1.472     1.092     1.644     1.010     1.693     1.649     2.210     2.331     1.016     2.105
ff10m        1587297600  132     1.127     3.229     0.482     1.094     2.940     0.244     0.983     1.696     2.163     2.316     0.655     1.441     1.622     1.566     1.324     0.767     0.264     1.325     1.715     1.326     2.356
ff10m        1587319200  138     2.294     1.563     1.656     2.011     1.384     0.787     1.417     2.512     2.529     1.680     1.262     0.306     2.480     2.037     1.807     1.962     1.885     1.787     1.998     1.284     2.268
ff10m        1587340800  144     3.302     2.903     0.808     2.365     2.371     1.164     2.367     3.161     2.815     2.855     1.324     1.920     3.300     3.057     2.482     3.153     2.891     1.512     2.643     2.369     2.473
ff10m        1587362400  150     2.908     2.320     1.786     1.866     2.939     2.263     1.533     2.205     2.389     2.224     1.889     2.440     3.961     3.170     2.285     2.918     2.082     2.345     3.142     2.913     2.117
ff10m        1587384000  156     2.661     1.967     2.760     1.861     4.283     2.832     0.996     1.799     1.836     2.678     3.082     2.677     3.721     3.521     0.616     2.732     1.802     3.223     2.882     3.258     2.340
ff10m        1587405600  162     1.677     0.369     3.415     1.832     3.353     2.623     1.417     3.040     2.702     2.378     2.863     2.351     3.064     3.054     1.983     2.589     2.281     2.785     3.292     2.514     2.822
ff10m        1587427200  168     1.607     1.544     2.911     3.112     3.571     2.359     2.653     3.133     2.605     2.177     3.073     2.407     3.008     2.582     1.962     2.605     2.538     2.616     3.685     2.621     2.559
ff10m        1587448800  174     1.087     1.841     3.009     2.961     2.712     2.101     2.789     3.016     1.894     0.964     3.115     2.407     1.988     0.615     1.511     0.472     2.873     1.918     2.919     1.521     1.785
ff10m        1587470400  180     0.865     1.788     3.210     3.196     2.244     1.235     2.968     3.471     3.356     1.459     3.515     3.726     1.205     2.417     2.779     2.110     2.646     0.688     2.709     1.753     1.687
ff10m        1587492000  186     1.940     1.529     3.553     2.645     2.493     1.500     2.068     2.679     3.231     2.531     2.955     3.582     0.621     1.907     2.186     2.569     1.262     0.529     2.181     1.761     1.829
ff10m        1587513600  192     3.433     1.586     3.668     1.477     3.755     0.261     2.213     1.899     2.835     1.888     2.181     2.476     1.288     2.412     1.759     1.533     2.290     0.636     2.756     1.074     1.537
ff10m        1587535200  198     3.084     1.883     2.273     1.577     3.343     1.375     1.462     1.332     2.113     1.844     1.478     2.171     1.321     1.719     0.684     1.445     1.346     0.204     1.966     2.526     2.303
ff10m        1587556800  204     1.930     2.378     2.715     3.753     1.991     1.826     2.026     2.702     1.647     2.079     3.016     2.985     2.526     2.560     2.719     1.853     2.155     1.711     1.207     3.139     3.239
ff10m        1587578400  210     0.875     1.667     3.048     3.753     1.681     1.532     1.623     3.180     1.709     1.938     3.077     2.365     3.309     3.067     2.743     0.388     1.423     2.975     0.471     3.328     3.376
ff10m        1587600000  216     1.255     3.179     3.077     3.155     3.381     1.500     0.833     2.412     2.755     0.929     1.526     1.031     2.461     2.714     1.863     1.325     1.203     3.505     1.334     2.042     2.045
ff10m        1587621600  222     0.663     3.237     4.554     2.484     4.055     1.692     2.800     2.179     1.906     1.778     1.570     1.048     2.704     3.342     2.815     1.137     2.748     4.306     1.959     2.517     1.516
ff10m        1587643200  228     1.943     1.838     4.267     2.950     4.453     2.136     3.101     3.367     1.775     2.634     2.521     2.730     3.029     4.738     4.866     0.962     2.924     4.892     1.671     3.049     3.250
ff10m        1587664800  234     1.971     1.560     2.587     2.448     2.627     1.630     2.685     3.261     1.071     2.748     1.873     2.168     2.848     3.573     4.467     1.926     2.976     4.404     1.716     2.895     2.139
ff10m        1587686400  240     1.805     2.763     0.913     1.553     1.652     2.118     1.359     3.210     1.175     2.792     0.701     1.540     1.576     2.732     3.122     2.083     1.565     2.630     2.152     1.151     2.175
apcpsfc      1586844000    6     2.153     1.530     2.192     1.504     1.843     1.751     2.311     2.173     2.101     1.901     2.171     2.251     2.245     1.843     2.139     2.059     2.306     2.223     1.990     2.150     2.249
apcpsfc      1586865600   12     0.119     0.100     0.110     0.110     0.100     0.209     0.191     0.036     0.093     0.119     0.171     0.219     0.062     0.074     0.219     0.110     0.219     0.110     0.171     0.145     0.119
apcpsfc      1586887200   18     0.038     0.000     0.023     0.033     0.023     0.074     0.122     0.023     0.023     0.055     0.066     0.103     0.023     0.016     0.096     0.048     0.061     0.032     0.077     0.041     0.029
apcpsfc      1586908800   24     0.000     0.000     0.000     0.000     0.000     0.000     0.000     0.000     0.000     0.000     0.003     0.000     0.000     0.000     0.000     0.000     0.000     0.000     0.000     0.000     0.000
apcpsfc      1586930400   30     0.000     0.000     0.000     0.000     0.000     0.000     0.000     0.000     0.000     0.000     0.000     0.000     0.000     0.000     0.000     0.000     0.000     0.000     0.000     0.000     0.000
apcpsfc      1586952000   36     0.000     0.000     0.000     0.000     0.000     0.000     0.000     0.000     0.000     0.000     0.000     0.000     0.000     0.000     0.000     0.000     0.000     0.000     0.000     0.000     0.000
apcpsfc      1586973600   42     0.000     0.000     0.000     0.000     0.000     0.000     0.000     0.000     0.000     0.000     0.000     0.000     0.000     0.000     0.000     0.000     0.000     0.000     0.000     0.000     0.000
apcpsfc      1586995200   48     0.000     0.000     0.000     0.000     0.000     0.000     0.000     0.000     0.000     0.000     0.000     0.000     0.000     0.000     0.000     0.000     0.000     0.000     0.000     0.000     0.000
apcpsfc      1587016800   54     0.000     0.000     0.000     0.000     0.000     0.000     0.000     0.000     0.000     0.000     0.000     0.000     0.000     0.000     0.000     0.000     0.000     0.000     0.000     0.000     0.000
apcpsfc      1587038400   60     0.015     0.010     0.017     0.000     0.000     0.000     0.000     0.048     0.015     0.010     0.012     0.022     0.015     0.015     0.048     0.003     0.000     0.015     0.020     0.010     0.000
apcpsfc      1587060000   66     0.810     0.462     0.642     0.048     0.366     0.095     1.002     0.614     0.701     0.327     0.407     0.909     0.729     0.461     1.934     0.791     0.831     0.774     0.801     0.530     0.201
apcpsfc      1587081600   72     0.000     0.019     0.000     0.000     0.048     0.010     0.731     0.000     0.012     0.048     0.000     0.100     0.005     0.000     0.258     0.100     0.023     0.024     0.027     0.144     0.000
apcpsfc      1587103200   78     0.000     0.000     0.000     0.000     0.017     0.000     0.041     0.000     0.000     0.000     0.000     0.000     0.000     0.000     0.000     0.000     0.000     0.000     0.000     0.000     0.000
apcpsfc      1587124800   84     0.073     0.016     0.497     0.067     0.960     0.078     0.883     0.000     0.048     0.077     0.040     0.170     0.143     0.122     0.069     0.026     0.048     0.282     0.041     0.026     0.031
apcpsfc      1587146400   90     0.803     0.481     1.403     0.775     1.791     1.172     1.612     1.433     1.711     0.593     0.653     1.728     1.540     1.659     0.532     1.309     1.281     0.813     2.166     0.553     0.296
apcpsfc      1587168000   96     0.002     0.000     0.062     0.000     0.000     0.143     0.000     0.535     1.632     0.162     0.163     1.856     0.239     0.678     0.128     0.000     0.386     0.009     1.078     0.478     0.000
apcpsfc      1587189600  102     0.096     0.048     0.143     0.010     0.063     0.913     0.000     1.044     0.810     0.101     0.048     3.247     0.526     0.602     0.143     0.000     0.000     0.048     2.388     0.944     1.013
apcpsfc      1587211200  108     1.374     0.896     1.692     0.441     0.821     2.761     1.726     3.130     2.081     1.202     1.209     4.760     2.631     2.352     0.614     0.361     0.917     0.318     1.798     2.189     2.356
apcpsfc      1587232800  114     5.557     6.318     4.502     2.796     2.326     9.351    10.931     3.890    10.702     6.581     5.470     6.943     7.498     6.425     6.694     1.756     7.619     3.657     1.643     6.969     2.317
apcpsfc      1587254400  120     4.436     2.708     6.658     2.074     0.504     9.105     4.744     0.662     6.875     3.629     1.459     2.022     9.980     1.290    10.132     5.120     5.334     1.292     0.000     7.283     0.566
apcpsfc      1587276000  126     7.483     0.262     3.716     2.181     1.809     4.883     4.404     0.674     0.223     2.813     0.122     0.026     6.103     3.649     3.083     6.854     6.538     3.856     0.074     3.341     1.756
apcpsfc      1587297600  132     5.728     1.699     2.202     1.540     4.468     5.208     3.477     2.615     0.875     2.589     1.616     2.211     2.447     4.789     1.326     1.452     1.776     8.712     1.983     5.633     5.736
apcpsfc      1587319200  138     3.581     2.296     9.972     5.338     0.903    11.934     3.165     5.147     2.524     1.216     9.630     5.303     5.539     4.164     3.337     5.171     4.810     4.908    11.594     3.942     4.977
apcpsfc      1587340800  144     1.412     1.353    13.959     8.898     0.129    11.344     3.186     3.807     1.567     4.793     5.477     1.661     4.822     4.331    10.164     3.113     2.428     1.199     5.238     0.431     2.018
apcpsfc      1587362400  150     3.883     7.894     7.243     8.585     0.000     3.882     3.548     7.893     0.048     4.516     7.044     0.048     1.264     1.802     1.652     0.741     4.435     0.547     0.383     0.578     0.342
apcpsfc      1587384000  156     1.567    10.323     3.228     5.491     0.048     7.008     3.824     4.799     0.096     4.717     6.035     0.218     0.390     0.605     0.352     0.504     4.754     2.438     0.096     3.727     0.669
apcpsfc      1587405600  162     4.474     6.702     5.339     7.208     0.262     8.288     9.838     6.910     1.457     1.575     8.445     4.356     1.858     1.497     3.981     1.899     6.013     4.785     1.574     0.456     3.288
apcpsfc      1587427200  168     2.800     7.246     9.571     7.223     0.061     2.633     6.846     6.623     0.139     0.445     3.297     2.612     0.178     0.136     1.829     0.069     3.138     1.061     2.055     0.331     2.595
apcpsfc      1587448800  174     5.216     3.233     5.310     3.211     0.000     1.639     6.432     4.288     0.961     2.789     1.841     1.841     0.382     0.449     0.489     0.052     0.956     0.122     0.461     0.502     0.312
apcpsfc      1587470400  180     8.487     4.100     3.041     2.888     0.679     5.542     4.716     1.632     1.110    10.150     0.937     2.470     2.829     2.009     1.186     1.243     0.671     2.143     0.292     3.779     3.877
apcpsfc      1587492000  186     7.318     5.249     5.038     0.707     1.520     6.602     3.659     2.861     1.331     8.893     2.144     2.127    10.657     8.462     4.310     8.556     1.167     8.293     0.597     4.913     7.727
apcpsfc      1587513600  192     0.341     3.344     0.693     0.244     0.656     0.609     1.059     1.805     0.061     3.636     2.863     0.545     9.500     8.157     3.783     2.489     0.328     4.623     0.215     3.562     3.560
apcpsfc      1587535200  198     0.097     0.061     0.670     0.000     0.039     0.528     1.149     2.312     0.026     6.673     1.662     0.385    11.799     9.541     4.749     4.646     0.340     3.633     0.158     1.530     0.753
apcpsfc      1587556800  204     2.306     0.548     1.999     0.158     0.679     2.066     3.177     2.150     0.683     5.612     0.878     0.898     8.257     6.986     3.919     1.945     1.650     8.283     0.719     1.566     0.371
apcpsfc      1587578400  210     3.985     1.321     4.928     2.585     0.628     7.373     5.412     4.154     6.125     6.247     0.820     4.510     4.248     6.933     1.100     6.120     6.169     5.364     6.657     4.011     0.296
apcpsfc      1587600000  216     2.269     0.190     1.416     1.489     0.135     0.877     2.221     1.958     7.589     4.270     0.074     3.044     1.294     6.746     0.256     4.261     5.560     6.120     5.381     6.592     0.100
apcpsfc      1587621600  222     0.380     0.894     1.698     1.391     0.025     0.057     1.972     0.344     6.518     3.357     0.096     1.430     1.206     3.724     0.083     2.192     7.108     5.938     0.552     8.394     0.000
apcpsfc      1587643200  228     1.771     2.179     0.797     2.915     0.459     1.122     2.161     0.074     6.214     2.619     0.430     3.216     2.367     1.984     0.048     5.285     7.120     3.581     0.619     6.161     0.000
apcpsfc      1587664800  234     7.619     6.978     0.200     2.284     3.014     5.944     4.143     0.218     7.073     5.542     1.568     4.751     2.884     1.439     0.552     6.888     8.178     2.529     3.428     3.569     0.000
apcpsfc      1587686400  240     6.163     7.591     0.000     1.478     1.804     2.025     2.888     0.822     6.090     6.527     0.249     0.922     1.329     1.023     0.476     3.075     4.570     2.384     4.903     0.792     0.005
tmp2m        1586844000    6   268.607   268.923   268.292   268.556   268.238   268.348   267.995   268.499   268.938   267.741   268.899   268.970   268.971   269.001   268.372   268.623   269.055   268.635   268.387   268.821   268.985
tmp2m        1586865600   12   273.300   273.389   273.198   273.101   273.444   272.758   272.570   273.619   273.787   272.935   273.414   273.206   273.626   274.144   272.608   273.545   273.205   273.300   273.109   273.161   273.787
tmp2m        1586887200   18   268.073   268.326   268.230   267.960   268.443   268.030   267.972   268.197   268.390   267.778   268.453   268.672   268.397   268.679   268.084   268.424   268.549   268.157   268.101   268.283   268.448
tmp2m        1586908800   24   259.523   259.464   259.573   259.921   260.301   259.225   257.768   259.834   259.905   259.173   259.515   258.337   260.257   261.653   258.789   260.180   258.706   260.291   259.071   259.030   260.524
tmp2m        1586930400   30   270.247   270.046   270.217   270.297   270.302   270.085   269.449   269.970   270.555   270.082   270.028   270.005   270.539   270.819   270.007   270.291   270.018   270.465   269.864   270.013   270.668
tmp2m        1586952000   36   280.242   280.116   280.539   280.407   280.908   280.577   280.672   280.083   280.739   280.533   280.029   279.927   280.852   281.179   279.818   280.279   280.012   280.598   280.021   280.187   280.842
tmp2m        1586973600   42   273.383   273.580   273.202   273.870   273.399   273.656   273.434   273.505   273.362   273.136   273.524   273.595   273.311   273.585   273.197   273.440   273.449   273.263   273.065   273.566   273.619
tmp2m        1586995200   48   272.973   272.951   272.999   273.072   273.112   272.858   272.034   272.720   273.196   272.693   272.682   272.792   273.221   273.364   272.651   272.897   272.818   273.173   272.747   272.930   273.252
tmp2m        1587016800   54   275.898   275.915   275.916   275.762   275.917   275.645   275.448   275.821   276.073   275.904   275.767   275.780   275.960   276.132   275.791   275.906   275.677   276.030   275.847   275.980   275.936
tmp2m        1587038400   60   286.242   286.504   285.814   286.174   285.972   286.375   285.759   285.614   286.525   286.211   286.211   285.929   286.181   286.718   285.525   286.072   286.208   286.399   286.283   286.691   286.139
tmp2m        1587060000   66   277.590   277.739   277.387   277.351   277.821   277.521   276.954   277.309   277.919   276.957   277.275   277.769   277.317   277.758   277.752   277.772   277.773   277.693   277.764   277.793   277.572
tmp2m        1587081600   72   274.241   274.205   274.613   274.592   274.559   273.770   274.507   274.458   274.549   274.350   274.100   273.718   275.027   274.714   274.151   274.451   274.069   274.475   273.814   274.280   274.397
tmp2m        1587103200   78   278.144   278.254   277.853   278.215   277.909   278.268   277.696   277.806   278.367   278.363   278.402   277.894   278.026   278.265   277.623   278.302   278.102   278.057   278.152   278.194   278.298
tmp2m        1587124800   84   288.395   289.047   286.037   288.401   286.056   287.826   285.255   288.013   288.657   288.895   288.283   287.800   287.308   287.907   288.517   288.430   288.683   287.290   287.956   288.744   288.674
tmp2m        1587146400   90   278.521   278.810   277.995   278.497   278.205   279.411   277.483   279.048   279.949   279.451   280.361   280.272   279.105   280.013   279.782   278.531   279.197   278.498   278.983   279.171   279.864
tmp2m        1587168000   96   277.352   277.286   277.040   277.206   275.343   277.035   276.111   277.814   278.210   276.843   277.140   278.106   277.724   277.696   277.576   277.267   276.826   276.946   277.511   277.858   277.738
tmp2m        1587189600  102   279.659   279.567   279.279   279.418   278.789   278.648   278.880   278.872   278.875   279.206   278.686   278.624   279.145   279.019   279.306   279.675   279.449   279.540   278.752   279.715   278.657
tmp2m        1587211200  108   286.165   287.210   285.963   287.509   287.872   283.658   285.613   284.695   285.354   287.593   286.310   282.892   284.859   285.236   286.428   287.884   286.739   288.346   285.842   286.417   284.342
tmp2m        1587232800  114   280.794   280.548   280.918   281.169   281.721   279.650   280.311   279.390   280.279   280.806   280.710   279.323   279.807   280.356   280.594   282.094   280.371   281.491   279.475   280.713   280.262
tmp2m        1587254400  120   278.397   278.378   278.808   278.873   279.657   277.679   278.219   277.850   278.303   278.855   277.661   277.613   278.381   278.205   279.404   279.235   278.620   279.487   276.821   278.705   277.228
tmp2m        1587276000  126   278.877   279.221   279.389   279.446   279.609   278.262   278.441   279.281   278.707   279.679   278.894   278.732   279.114   279.053   279.686   279.732   279.111   279.594   279.555   279.454   278.675
tmp2m        1587297600  132   282.856   283.306   284.252   284.803   282.360   282.552   284.734   284.293   283.872   284.403   284.700   284.215   284.354   283.669   285.045   286.167   283.842   281.248   284.653   282.923   282.099
tmp2m        1587319200  138   281.008   280.533   280.490   281.517   280.511   279.754   281.131   281.435   280.564   281.405   280.326   279.975   280.861   281.316   281.184   282.527   281.428   280.406   280.536   280.528   280.099
tmp2m        1587340800  144   279.005   278.212   278.963   279.740   277.528   277.433   279.212   279.257   278.375   279.382   278.370   278.193   278.796   279.154   279.228   280.342   279.343   278.950   278.176   278.389   277.937
tmp2m        1587362400  150   279.269   278.354   278.632   279.011   279.599   277.226   278.909   279.626   278.727   279.703   277.931   278.665   279.103   279.615   279.042   280.654   278.924   277.834   279.115   277.889   278.147
tmp2m        1587384000  156   285.012   280.542   281.135   281.056   287.160   279.955   281.440   281.968   287.806   281.609   281.378   285.127   286.093   285.095   287.222   286.605   283.464   281.605   287.211   282.488   284.982
tmp2m        1587405600  162   280.327   278.934   279.091   279.401   281.857   277.754   278.101   278.707   281.844   279.987   278.904   279.691   280.234   280.938   281.355   281.800   280.934   278.719   281.265   279.675   280.085
tmp2m        1587427200  168   278.210   277.676   276.447   276.924   278.430   275.823   275.300   276.226   277.614   277.750   276.938   276.627   278.004   277.636   278.147   277.441   278.920   276.566   278.809   276.950   277.179
tmp2m        1587448800  174   277.734   276.476   275.513   274.875   278.724   275.513   273.396   275.002   278.154   277.014   275.797   275.710   277.960   277.707   277.640   277.321   278.492   276.752   279.321   277.750   277.661
tmp2m        1587470400  180   279.831   278.388   278.262   276.744   285.686   278.511   275.906   279.915   284.291   277.718   280.238   278.856   282.980   281.964   282.208   283.000   285.643   282.196   286.066   280.991   280.783
tmp2m        1587492000  186   278.935   276.160   276.677   274.520   281.393   276.629   275.625   277.831   281.027   275.311   278.023   276.577   279.278   278.030   279.343   277.119   281.626   278.512   281.935   278.883   278.374
tmp2m        1587513600  192   277.324   275.263   273.864   271.441   277.291   275.267   274.356   275.006   276.049   273.875   274.998   275.002   277.226   275.717   277.335   275.068   278.524   276.041   277.273   276.912   276.612
tmp2m        1587535200  198   277.271   276.953   275.274   272.793   279.262   276.548   276.193   275.924   278.380   273.589   275.982   275.851   276.312   274.470   277.134   276.688   279.652   276.326   279.548   275.969   276.411
tmp2m        1587556800  204   281.420   283.784   278.737   280.120   285.331   280.490   280.897   279.470   287.613   275.556   281.128   280.715   277.028   275.100   280.459   280.047   286.421   278.195   286.671   279.301   281.832
tmp2m        1587578400  210   277.901   280.100   274.677   275.990   282.667   278.714   277.911   276.756   281.935   273.987   277.481   277.795   274.418   273.301   277.750   277.306   280.936   275.518   281.646   275.476   278.117
tmp2m        1587600000  216   274.256   277.525   271.425   273.276   279.711   276.521   275.400   271.807   278.708   272.334   271.243   275.279   272.154   270.736   273.250   276.253   278.874   272.665   279.703   271.253   272.415
tmp2m        1587621600  222   275.581   277.730   269.734   273.020   280.727   277.630   275.294   272.426   278.744   272.132   273.999   276.017   272.368   269.449   271.807   276.390   277.521   270.591   279.776   270.983   272.038
tmp2m        1587643200  228   280.957   281.819   272.386   278.328   286.628   284.166   278.383   279.063   282.484   275.092   281.740   280.303   275.960   272.600   278.548   279.417   278.814   272.675   286.329   274.859   282.445
tmp2m        1587664800  234   276.267   278.092   267.708   276.520   280.075   280.476   275.600   274.897   280.588   273.284   277.212   278.028   273.895   269.882   272.546   277.067   277.015   269.094   281.630   273.031   276.274
tmp2m        1587686400  240   274.072   276.602   262.793   272.196   276.996   277.029   272.578   271.699   278.809   270.703   271.558   274.912   270.501   267.779   267.507   274.641   274.731   265.405   278.632   266.969   272.437
tcdcclm      1586844000    6     5.958     5.952     5.762     5.856     5.479     5.908     6.474     5.905     6.277     5.665     6.226     6.216     6.071     5.670     5.759     6.129     6.033     6.292     6.286     5.698     6.216
tcdcclm      1586865600   12     3.756     3.054     3.328     3.702     3.449     4.385     4.190     3.376     3.707     3.999     4.442     4.475     3.005     2.909     4.691     3.200     4.734     3.486     4.120     4.101     3.852
tcdcclm      1586887200   18     1.047     1.882     0.986     1.189     0.500     2.681     3.422     0.566     0.710     1.950     2.053     2.381     0.635     0.346     2.772     0.745     1.984     0.815     2.521     1.224     0.863
tcdcclm      1586908800   24     0.308     0.329     0.294     0.308     0.186     0.482     0.813     0.350     0.316     0.206     0.791     1.097     0.291     0.245     0.648     0.346     0.753     0.224     0.639     0.350     0.388
tcdcclm      1586930400   30     0.098     0.052     0.105     0.143     0.098     0.084     0.038     0.105     0.098     0.105     0.112     0.046     0.105     0.143     0.136     0.241     0.105     0.098     0.076     0.084     0.156
tcdcclm      1586952000   36     0.028     0.271     0.103     0.897     1.073     0.374     0.387     0.126     0.305     0.245     0.780     0.021     0.169     0.094     0.541     0.118     0.216     0.013     0.296     0.063     0.063
tcdcclm      1586973600   42     0.788     1.474     1.494     0.968     3.637     0.468     0.890     1.216     1.176     1.067     0.704     1.016     2.279     1.153     0.959     0.911     0.771     0.940     0.803     0.442     1.658
tcdcclm      1586995200   48     3.331     2.443     2.629     3.594     3.284     1.849     2.279     3.025     2.367     2.794     2.804     4.512     4.948     4.135     3.079     2.912     3.052     4.144     2.839     3.162     5.285
tcdcclm      1587016800   54     4.162     3.521     3.111     4.655     3.902     3.778     3.568     3.761     3.743     3.719     3.931     5.249     4.342     4.263     3.621     3.958     3.816     4.186     3.462     3.844     4.507
tcdcclm      1587038400   60     2.065     1.923     1.566     2.967     1.329     2.694     3.733     2.385     1.732     3.519     1.760     2.939     2.106     1.735     3.594     2.861     1.441     1.474     3.286     2.316     1.582
tcdcclm      1587060000   66     6.938     6.822     6.960     6.674     5.276     4.405     6.203     6.188     6.680     6.286     6.673     6.752     7.165     6.259     7.097     6.540     6.889     6.992     6.788     5.952     6.924
tcdcclm      1587081600   72     2.464     2.621     1.822     2.766     2.839     2.275     6.455     1.615     1.483     3.162     1.917     3.399     2.369     2.573     4.487     2.671     2.220     2.904     2.353     5.981     2.458
tcdcclm      1587103200   78     2.314     2.657     3.813     3.821     2.013     2.988     3.440     3.930     3.470     0.881     0.937     2.611     4.297     3.139     3.683     2.996     2.766     4.575     4.334     2.066     3.094
tcdcclm      1587124800   84     1.182     0.348     2.012     2.723     0.999     3.431     2.005     6.127     4.434     1.516     3.743     1.994     3.200     3.561     1.722     3.886     4.360     2.126     5.816     2.402     3.016
tcdcclm      1587146400   90     3.612     4.063     2.796     5.533     3.406     4.954     2.891     5.899     6.748     5.765     7.811     5.606     5.823     5.184     5.786     5.380     6.132     3.598     6.070     4.513     4.862
tcdcclm      1587168000   96     4.836     5.498     5.391     5.334     3.286     5.111     3.104     6.561     7.474     6.319     6.945     7.230     6.158     6.326     6.877     4.907     2.003     5.321     6.064     6.723     7.719
tcdcclm      1587189600  102     5.958     5.803     6.450     5.664     6.548     6.487     4.439     6.697     4.430     3.938     4.508     7.521     6.673     6.882     6.454     6.189     3.929     6.824     7.129     7.003     7.787
tcdcclm      1587211200  108     6.507     4.207     6.690     6.977     4.660     6.406     6.180     6.406     5.587     5.642     5.388     7.422     6.646     6.662     5.743     6.206     5.607     6.344     4.372     6.651     7.070
tcdcclm      1587232800  114     6.800     7.186     7.839     7.720     6.279     7.287     7.436     6.991     7.406     7.386     6.254     7.076     7.281     6.706     7.030     6.630     7.072     6.306     5.481     6.965     6.925
tcdcclm      1587254400  120     7.127     6.540     7.913     7.497     7.642     7.088     7.406     6.322     7.625     6.721     5.905     7.202     7.423     6.579     7.716     7.748     7.866     7.560     5.123     7.528     6.740
tcdcclm      1587276000  126     7.730     6.850     7.313     7.249     7.499     6.441     7.417     7.322     5.263     7.806     5.920     7.656     7.515     7.542     7.295     7.866     7.469     7.805     6.642     7.210     7.214
tcdcclm      1587297600  132     7.684     7.923     7.708     7.679     7.958     7.069     6.755     5.468     7.337     7.216     6.466     6.000     7.116     7.437     6.986     7.028     6.773     7.937     7.110     7.800     7.890
tcdcclm      1587319200  138     7.209     7.622     7.958     7.767     6.666     7.408     6.606     7.915     7.958     7.137     7.613     7.056     7.574     7.637     7.248     7.684     7.760     7.343     7.804     7.313     7.898
tcdcclm      1587340800  144     7.734     7.358     7.958     7.734     6.166     7.862     7.741     7.951     7.632     7.909     7.568     7.357     7.853     7.917     7.653     7.589     7.452     7.835     7.479     7.796     7.887
tcdcclm      1587362400  150     7.714     7.839     7.883     7.930     6.668     7.808     7.393     7.834     5.534     7.827     7.669     6.632     7.423     7.713     6.492     7.004     7.655     7.625     6.169     7.283     6.765
tcdcclm      1587384000  156     7.131     7.979     7.742     7.979     6.828     7.958     7.722     7.644     4.652     7.979     7.551     7.631     6.959     7.265     3.569     7.108     7.267     6.936     6.821     7.930     6.756
tcdcclm      1587405600  162     7.663     7.741     7.738     7.979     6.814     7.945     7.791     7.972     6.597     7.074     6.429     7.892     7.485     7.581     5.627     7.487     7.718     6.806     7.739     6.854     7.905
tcdcclm      1587427200  168     7.829     7.972     7.944     7.867     5.223     7.667     7.865     7.993     7.498     6.721     7.105     7.714     6.614     5.575     6.815     5.804     7.706     6.247     7.868     5.098     7.905
tcdcclm      1587448800  174     7.853     7.401     7.927     7.356     4.172     7.046     7.906     7.822     7.285     6.976     7.692     7.833     5.173     4.521     7.787     2.345     7.583     5.990     7.667     4.127     7.411
tcdcclm      1587470400  180     7.805     7.666     7.731     7.522     4.809     7.852     7.623     7.091     7.616     7.837     7.430     7.432     5.452     4.876     7.921     3.541     7.276     6.997     7.103     7.056     7.668
tcdcclm      1587492000  186     7.923     6.788     7.564     6.845     6.297     7.771     7.777     7.135     7.287     7.913     7.300     7.640     7.247     7.572     7.729     7.807     7.257     6.272     6.416     7.471     7.822
tcdcclm      1587513600  192     7.635     6.709     7.907     6.040     7.230     7.307     7.225     7.379     3.205     7.822     6.353     6.818     7.954     7.945     7.549     7.633     6.744     5.945     6.015     7.626     7.597
tcdcclm      1587535200  198     3.480     3.764     7.902     6.096     2.262     6.719     6.820     7.322     1.871     7.525     5.310     5.512     7.868     7.951     6.225     7.252     3.087     6.466     5.339     6.887     5.706
tcdcclm      1587556800  204     6.262     5.144     7.009     6.530     3.600     6.972     6.447     6.889     2.134     7.517     5.178     5.747     7.707     7.657     5.814     6.844     4.951     7.371     6.165     5.906     5.060
tcdcclm      1587578400  210     6.497     5.940     7.452     7.610     5.302     7.604     7.521     7.062     5.030     7.875     4.590     5.826     7.802     7.681     5.088     7.485     6.577     7.134     6.977     6.346     4.771
tcdcclm      1587600000  216     4.553     6.682     7.252     7.352     5.366     6.071     6.835     6.712     5.826     7.500     2.432     6.421     7.556     7.794     4.868     7.437     6.879     7.718     7.786     7.280     4.352
tcdcclm      1587621600  222     2.817     5.786     7.277     6.679     5.691     4.693     7.111     6.549     6.582     7.700     1.091     6.084     7.134     7.888     4.696     7.039     7.595     7.972     7.784     7.567     1.489
tcdcclm      1587643200  228     3.682     7.286     5.967     6.278     5.505     4.654     6.880     4.806     7.145     7.707     2.674     5.784     7.431     7.864     1.613     7.706     7.716     7.805     7.534     6.043     0.267
tcdcclm      1587664800  234     6.703     7.667     3.436     6.916     7.496     5.608     7.623     6.461     7.083     7.421     4.454     6.044     7.218     7.673     3.863     7.758     7.587     7.506     6.568     5.966     1.026
tcdcclm      1587686400  240     6.964     7.822     0.922     6.597     5.840     5.605     6.807     6.770     7.442     7.670     3.186     4.913     6.204     7.423     6.016     7.455     7.315     7.401     7.027     4.840     1.961
