# ASCII output from GENSvis.py
# Contains interpolated values from the
# GFS ensemble on 1.000000 x 1.000000 degrees
# The data in here are for station
# 11120: INNSBRUCK
# Station position:  11.3553 47.2589
# Used grid point 1: 12.0000 48.0000
# Used grid point 2: 12.0000 47.0000
# Used grid point 3: 11.0000 47.0000
# Used grid point 4: 11.0000 48.0000
varname    timestamp    step mem0      mem1      mem2      mem3      mem4      mem5      mem6      mem7      mem8      mem9      mem10     mem11     mem12     mem13     mem14     mem15     mem16     mem17     mem18     mem19     mem20     
tmax2m       1586757600    6   275.163   275.128   275.032   275.117   275.177   275.421   275.077   275.180   275.046   275.051   275.408   275.179   275.132   275.120   274.955   275.385   275.311   275.085   275.290   275.447   275.287
tmax2m       1586779200   12   283.018   282.116   283.579   283.214   282.569   282.523   283.520   281.955   283.450   283.341   282.680   283.270   283.559   283.223   283.710   282.914   283.431   283.042   282.479   282.894   283.060
tmax2m       1586800800   18   282.555   281.691   282.661   282.480   282.411   281.978   282.683   282.466   283.031   282.995   282.669   282.535   283.079   282.755   283.410   282.215   282.835   282.822   282.072   282.791   282.300
tmax2m       1586822400   24   276.475   276.365   276.484   276.224   276.566   276.225   276.514   276.631   276.460   276.566   276.518   276.518   276.523   276.375   276.613   276.277   276.699   276.250   276.270   276.796   276.303
tmax2m       1586844000   30   271.153   271.383   271.072   271.035   271.492   270.438   271.052   272.043   271.517   271.348   271.362   271.300   271.395   271.095   271.367   270.610   272.273   270.991   271.078   271.951   270.530
tmax2m       1586865600   36   273.883   274.648   273.374   273.763   273.777   273.162   272.279   275.173   275.389   273.300   274.041   273.391   275.079   274.426   274.558   273.500   274.149   273.261   272.805   274.969   273.431
tmax2m       1586887200   42   274.428   275.118   273.967   274.368   274.254   273.895   272.974   275.578   275.794   273.914   274.491   273.804   275.725   274.815   275.098   274.009   274.694   273.907   273.344   275.400   273.997
tmax2m       1586908800   48   268.809   269.159   268.471   268.561   268.639   268.349   267.542   269.668   269.910   268.472   268.887   268.687   269.814   268.992   269.264   268.577   269.030   268.329   267.805   269.211   268.499
tmax2m       1586930400   54   271.321   271.819   270.605   271.451   271.211   270.933   270.329   272.153   272.117   270.863   271.216   270.691   272.115   271.166   271.941   270.636   271.553   270.779   270.430   271.817   270.660
tmax2m       1586952000   60   282.150   283.309   281.575   282.526   283.034   282.894   282.329   283.276   283.631   281.840   282.352   284.178   282.839   282.583   283.817   281.909   282.331   282.585   282.153   283.088   281.812
tmax2m       1586973600   66   283.764   284.767   283.198   284.924   284.809   284.907   283.400   284.577   285.660   283.467   283.968   285.006   284.191   284.663   284.910   285.209   284.480   283.288   283.516   284.439   283.812
tmax2m       1586995200   72   275.210   275.120   274.943   275.437   275.383   275.503   274.295   275.191   275.873   275.069   275.232   275.181   275.212   275.218   275.320   275.305   275.608   274.752   275.034   275.546   275.369
tmax2m       1587016800   78   275.770   276.444   275.579   275.596   275.544   275.606   275.598   276.262   276.173   275.833   275.392   275.779   276.232   275.910   276.053   275.408   275.598   276.108   275.754   275.333   275.344
tmax2m       1587038400   84   285.579   285.262   284.138   286.336   286.017   286.009   285.716   285.139   286.685   285.948   286.311   285.681   286.392   286.174   285.710   286.249   286.249   285.897   285.596   286.575   286.499
tmax2m       1587060000   90   285.274   284.851   284.197   286.301   286.078   285.687   285.297   284.443   286.262   285.852   286.364   285.446   285.864   286.161   285.204   286.021   286.140   285.152   285.652   286.707   285.852
tmax2m       1587081600   96   276.769   278.021   277.585   277.648   278.102   277.499   277.353   277.957   278.262   276.644   277.971   277.423   277.889   277.644   277.610   276.874   277.272   277.337   277.327   277.037   277.021
tmax2m       1587103200  102   277.017   277.088   276.742   276.908   276.683   276.834   276.866   276.859   277.441   277.309   277.164   276.724   277.668   277.169   277.429   277.776   277.509   277.125   277.077   277.703   277.868
tmax2m       1587124800  108   284.695   283.191   282.414   283.842   279.563   282.911   285.614   282.620   284.066   283.919   284.897   283.573   283.902   282.659   285.135   288.532   284.949   285.425   282.948   284.552   285.518
tmax2m       1587146400  114   284.734   283.001   282.705   283.214   278.880   282.916   285.921   282.133   284.172   283.796   284.997   283.984   283.999   281.996   285.093   287.866   284.956   285.380   282.447   284.439   285.369
tmax2m       1587168000  120   277.650   277.406   277.563   277.210   274.317   277.732   277.946   276.952   277.914   277.630   277.832   277.517   277.948   276.408   278.105   278.419   278.113   278.130   277.082   277.512   278.973
tmax2m       1587189600  126   276.804   274.204   275.635   275.498   271.305   275.151   277.369   275.397   276.258   276.358   277.649   277.010   276.734   273.922   277.477   279.059   277.041   276.993   275.399   276.928   277.771
tmax2m       1587211200  132   286.456   282.010   283.781   283.449   277.712   285.830   284.215   285.755   284.873   284.544   284.886   286.329   281.281   283.443   286.539   288.276   286.310   286.123   284.803   286.218   287.674
tmax2m       1587232800  138   286.543   281.986   283.847   283.852   278.326   285.682   283.130   285.847   283.656   284.664   284.039   286.335   281.358   283.946   286.317   287.620   286.813   286.279   284.990   286.239   287.603
tmax2m       1587254400  144   277.661   273.822   277.025   276.572   272.586   276.858   278.794   277.985   276.464   277.299   278.989   278.486   277.593   275.709   278.060   280.721   279.253   278.151   277.420   278.696   279.327
tmax2m       1587276000  150   276.671   273.145   274.331   274.732   272.160   275.457   277.114   275.929   271.632   275.097   278.221   276.845   274.769   273.304   276.608   279.762   277.966   277.302   275.918   276.696   278.743
tmax2m       1587297600  156   283.461   281.590   281.430   281.200   278.027   284.212   283.054   280.679   281.133   283.079   282.490   282.072   278.838   284.465   284.629   289.163   285.075   286.485   282.243   279.175   283.806
tmax2m       1587319200  162   282.506   281.567   280.644   281.465   277.356   283.347   282.624   280.324   281.429   283.269   281.993   280.921   279.063   284.945   284.736   288.223   284.685   286.655   281.520   279.958   283.382
tmax2m       1587340800  168   277.320   272.708   274.429   274.172   273.755   276.582   277.936   275.780   273.435   275.066   278.308   276.631   272.720   275.324   275.865   281.872   280.838   277.501   277.054   272.946   279.991
tmax2m       1587362400  174   273.507   271.599   270.424   270.679   270.399   275.004   275.848   273.084   270.648   272.876   276.778   271.504   270.608   273.953   272.289   278.765   278.394   276.610   274.990   270.478   278.620
tmax2m       1587384000  180   276.963   280.475   277.407   279.932   274.772   284.474   281.060   275.782   279.029   279.652   276.772   277.626   278.961   283.468   281.391   281.456   283.207   286.000   277.132   275.265   286.224
tmax2m       1587405600  186   277.028   280.770   277.476   280.200   274.554   284.781   281.015   276.016   279.343   279.889   275.934   277.369   279.213   283.685   281.517   281.399   282.526   286.056   277.097   275.566   286.421
tmax2m       1587427200  192   271.025   273.066   271.007   274.186   269.898   276.515   278.115   272.871   272.903   272.785   273.763   269.944   273.003   274.999   274.494   273.787   278.018   277.697   274.766   269.905   281.027
tmax2m       1587448800  198   269.150   272.009   269.771   271.329   268.806   273.698   277.432   273.057   271.747   269.181   273.438   269.622   271.491   272.284   271.138   271.518   276.348   277.089   273.072   268.148   278.727
tmax2m       1587470400  204   278.787   279.305   279.787   280.562   278.452   283.858   285.249   279.431   281.645   276.040   277.141   278.843   281.396   282.217   278.981   280.342   274.074   287.669   279.879   275.291   287.360
tmax2m       1587492000  210   279.106   279.366   280.735   280.600   279.879   284.575   284.040   280.082   281.925   276.213   277.285   279.025   281.718   282.688   279.189   280.622   273.771   286.640   280.127   275.431   287.263
tmax2m       1587513600  216   273.458   274.743   273.168   274.469   272.608   276.559   280.589   276.173   275.352   270.598   275.337   273.734   274.655   275.521   272.114   274.163   271.417   280.406   277.295   270.088   281.029
tmax2m       1587535200  222   271.154   272.561   273.393   271.384   274.345   275.454   277.960   273.119   273.899   269.561   274.253   272.230   272.331   273.312   269.094   269.778   270.758   277.712   275.882   269.434   277.422
tmax2m       1587556800  228   277.355   280.602   279.673   280.534   280.397   285.446   287.552   278.011   285.314   279.413   279.079   280.371   277.985   283.824   274.655   278.390   273.595   284.520   281.205   277.198   286.557
tmax2m       1587578400  234   277.679   281.158   279.796   280.577   280.826   285.724   287.909   277.815   284.325   279.992   279.549   280.729   278.166   284.257   275.324   278.558   273.953   283.041   281.969   277.714   286.870
tmax2m       1587600000  240   274.799   276.948   275.302   273.845   276.808   276.967   280.274   273.177   275.353   273.397   276.200   273.704   272.563   275.880   272.351   272.330   271.372   278.966   276.279   271.563   278.869
dd10m        1586757600    6   225.527   226.846   225.219   226.973   228.030   228.382   224.132   228.951   224.589   225.372   225.828   220.058   225.344   222.555   222.957   226.344   223.769   229.379   222.765   227.052   224.452
dd10m        1586779200   12   298.064   306.195   288.183   295.375   300.587   299.015   295.774   311.511   297.574   297.466   301.803   287.894   293.888   290.588   293.587   292.042   290.241   294.387   288.792   305.298   283.542
dd10m        1586800800   18   340.591   346.747   332.975   342.772   340.975   336.533   338.045   349.139   345.356   332.712   346.349   342.512   342.602   343.551   340.793   337.357   341.048   340.204   341.104   344.128   336.123
dd10m        1586822400   24   351.972   352.458   353.117   345.163   351.760   343.446   347.623   352.088   359.287   349.471   353.001   357.956   353.135   352.474   352.528   351.671   350.956   348.812   352.056   353.276   348.276
dd10m        1586844000   30   339.833   344.596   338.441   341.827   338.490   336.196   336.620   342.702   344.962   339.104   341.030   345.565   344.980   344.024   341.985   337.381   339.751   340.173   339.014   348.012   339.802
dd10m        1586865600   36   350.476   352.669   348.677   351.699   348.772   354.210   358.676   348.213   355.192   354.154   349.535   358.075   354.737   351.322   356.184   349.408   355.195   352.473   349.258   358.228   352.082
dd10m        1586887200   42    18.740    20.305    15.582    24.893    15.259    30.083    24.619    12.001    15.579    18.301    18.793    20.672    23.707    17.359    24.559    19.615    27.150    17.173    15.790    25.920    20.099
dd10m        1586908800   48   170.096   169.071   175.132   169.486   170.045   177.214   165.446   178.193   162.326   177.711   181.508   159.203   179.364   169.649   176.498   158.324   164.188   168.199   185.583   155.469   170.217
dd10m        1586930400   54   186.518   187.070   184.870   183.944   188.270   174.084   162.456   201.234   197.728   178.036   191.251   176.006   190.400   180.139   190.650   186.689   186.786   199.061   184.461   175.288   180.438
dd10m        1586952000   60    78.886    79.878    93.697    71.183    93.398   101.724    68.232    66.256    82.752    97.223    74.331    94.946    54.184   102.786    66.290    61.520    79.215    52.015    78.488    75.103    88.407
dd10m        1586973600   66   123.873   115.508   133.364   123.069   136.338   134.855   111.196   124.512   131.889   127.780   127.060   134.186   110.062   129.798   116.496   120.520   127.909   120.404   133.509   124.782   132.135
dd10m        1586995200   72   194.617   203.390   199.398   191.213   193.306   193.528   187.401   199.707   196.793   195.875   190.424   196.183   193.048   199.322   194.713   190.624   188.219   195.447   198.699   187.731   188.948
dd10m        1587016800   78   218.669   230.322   232.666   207.807   210.248   212.008   215.352   215.015   220.137   217.071   213.159   213.563   213.218   214.541   217.108   213.720   211.629   222.613   220.734   207.572   208.552
dd10m        1587038400   84   317.807   331.017   323.172   308.995   267.163   314.818   219.741   329.595   319.121   307.716   279.405   315.221   309.190   288.735   321.999   304.662   314.142   315.319   311.486   293.922   288.162
dd10m        1587060000   90   333.681   313.598   314.569   319.430   219.466     2.076   331.680   306.059   290.928   320.602   270.463   345.448   303.748   303.598   329.820   327.961   351.961   331.054   317.436   356.418   196.232
dd10m        1587081600   96   253.141   264.955   252.672   255.594   248.673   283.015   279.526   261.694   260.657   258.853   248.423   264.972   245.764   246.449   245.262   236.690   249.416   255.758   256.059   259.307   244.872
dd10m        1587103200  102   280.477   276.526   282.661   282.538   280.479   276.322   280.418   280.852   282.689   279.748   282.138   295.953   272.793   275.970   274.054   259.624   271.946   280.244   274.840   292.948   262.766
dd10m        1587124800  108   318.824   314.772   323.460   321.968   309.800   330.754   320.081   319.895   324.292   323.208   304.890   333.328   311.299   312.869   319.437   299.419   315.140   327.968   316.754   321.320   312.888
dd10m        1587146400  114   358.284   341.045   350.602   356.461   339.673   353.053   351.846   346.100     0.489   351.651   357.575    17.573   348.724   343.103     5.608    37.132   342.907   357.990   345.949   352.473   334.273
dd10m        1587168000  120    24.564     9.649    10.976    27.818   339.323    34.205   159.952   351.197    31.460     7.740   236.891   198.643     5.168   349.232    79.101   200.361   327.990   312.345   353.705   316.806   348.353
dd10m        1587189600  126    56.126    10.564   326.801   310.088   339.990   126.575   185.159   350.416    90.060    13.942   186.946   242.907    23.465   340.246   115.314   184.680    90.509   350.406   197.913   259.568    88.915
dd10m        1587211200  132    15.206    12.617   342.523    16.726   349.691    29.963   159.338   352.903     9.250    25.154   239.546   355.302     9.468   336.341    16.603   170.396   130.029    11.909   337.288   334.620   186.664
dd10m        1587232800  138    59.583    33.348     7.909    43.717    27.820    56.259   196.780    56.561    29.764    48.279   229.703    51.427    23.279   355.983    45.302   172.540    82.804    46.236    50.528   347.692    83.854
dd10m        1587254400  144   206.690   107.892   345.272   220.908    63.161    37.295   249.104   245.824    37.563    71.010   232.649   112.721    13.499   319.756   202.349   212.364   177.905   253.662   256.870   327.647   176.129
dd10m        1587276000  150   168.262   106.196    13.649    16.767    95.140   113.761     8.569    13.872    20.133    45.648   249.930    52.994    28.954   337.656    17.968   282.114   183.522     4.794    26.002   347.747   183.895
dd10m        1587297600  156    21.119     8.109    32.885    24.130    68.501    60.584    62.291    45.293    22.107    44.830    52.608    51.282    35.549   331.182    32.009    34.373   119.105    20.601    40.925    12.592   350.582
dd10m        1587319200  162    34.918    32.993    37.972    41.726    66.372    76.359    72.792    56.086    29.327    59.529    68.341    33.550    47.078   359.825    46.270    71.094   133.364    45.939    52.539    20.949    59.389
dd10m        1587340800  168    35.038   108.678    49.190    60.824    79.389   141.344   104.488    85.632    81.870   103.520    96.031    42.096    68.623   337.139    70.544    46.215   163.750   170.067    90.222    20.006   136.828
dd10m        1587362400  174    38.278    43.304    41.054    67.787    32.424    64.670   116.642    77.271    68.019    44.436    77.968    44.251    39.455   354.226    72.403    57.541   140.520    62.407    66.795    17.760   151.953
dd10m        1587384000  180    42.391    30.252    38.930    62.269    29.233    55.041   112.582    79.828    61.290    39.862    79.023    36.541    46.038    12.167    66.928    47.892   106.670    51.377    59.119    24.602   128.890
dd10m        1587405600  186    44.117    42.311    35.601    52.524    21.933    39.382   125.191   104.572    59.067    29.938    80.153    49.855    41.766    28.227    58.742    54.963    95.132    80.191    56.334    35.413   118.366
dd10m        1587427200  192    50.570   126.121    26.899    35.744     2.679    20.970   154.187   115.115    89.140    22.187    94.111    81.142    22.015    53.823    48.358    49.197    81.740   163.084    79.799    32.909   141.183
dd10m        1587448800  198    55.536    92.516    23.842    27.300   327.997    32.641   148.186   104.182    76.046    23.484    93.374    79.492   358.841    47.045    32.463    33.837    16.297   176.029    95.436    33.918   122.878
dd10m        1587470400  204    52.952    74.562    29.526    34.410     3.159    21.271    63.823    77.178    72.257    23.830    91.383    65.733     4.820    54.783    37.832    33.474    22.627    83.147    98.359    38.353    79.326
dd10m        1587492000  210    49.968    87.905    50.581    41.935    44.303    30.729    66.594    55.992    81.443    24.363    86.139    52.027     4.158    40.796    38.429    37.222    28.930   135.454    98.604    36.792    69.806
dd10m        1587513600  216    66.782   148.031   180.336    77.147   186.052   235.205    96.898    73.090   162.459    20.206   134.200    50.673    22.270   317.523    46.671    60.392    39.615   177.908   186.631   358.420   102.537
dd10m        1587535200  222    74.547   152.080   167.793    66.470   179.242   287.775    75.502    30.529   192.454    13.064   142.694   356.560    44.773   291.475    56.868    61.174    30.102   175.888   342.845   348.877    63.029
dd10m        1587556800  228    74.120   100.602   147.275    51.172   127.540   336.893    68.030    38.273    46.290    22.194    80.155    18.618    55.430   346.415    62.178    49.734    37.836   165.787     7.412     7.026    47.283
dd10m        1587578400  234    74.522    83.012   107.412    57.127   134.769    11.128    62.934    37.048    69.881    21.879    40.626     8.376    53.857   354.849    50.058    54.476    30.226   189.481     6.234    16.538    84.748
dd10m        1587600000  240   139.352   112.700   164.229   173.214   189.170   300.026   182.589    51.618   205.382   274.720   226.308   329.248   102.007   347.864    99.947    76.064    37.903   196.790    13.597   347.607   180.472
ff10m        1586757600    6     2.389     2.405     2.405     2.382     2.337     2.261     2.438     2.335     2.364     2.480     2.417     2.400     2.364     2.385     2.441     2.381     2.280     2.430     2.402     2.290     2.446
ff10m        1586779200   12     2.039     2.237     1.796     2.228     1.813     2.107     1.968     1.979     1.937     1.905     2.164     1.923     1.815     2.140     1.979     2.008     1.710     2.242     2.096     1.852     1.883
ff10m        1586800800   18     2.422     2.734     1.952     2.835     2.278     2.682     2.405     2.557     2.360     2.180     2.566     2.331     2.534     2.717     2.397     2.509     1.954     2.618     2.347     2.393     2.512
ff10m        1586822400   24     3.373     3.153     3.518     3.364     3.650     3.350     3.481     3.295     3.029     3.635     3.326     3.425     3.543     3.115     3.633     3.450     3.365     3.509     3.398     3.473     3.277
ff10m        1586844000   30     3.461     3.539     3.484     3.586     3.479     3.794     3.904     3.348     3.221     3.784     3.370     3.604     3.442     3.516     3.521     3.365     3.533     3.761     3.816     3.345     3.530
ff10m        1586865600   36     3.821     3.954     3.775     3.709     3.638     3.694     3.740     4.000     3.836     3.705     3.776     3.766     3.714     3.934     3.742     3.837     3.681     3.625     3.811     3.802     3.767
ff10m        1586887200   42     2.451     2.517     2.639     2.303     2.331     2.347     2.328     2.582     2.510     2.646     2.431     2.621     2.485     2.465     2.491     2.558     2.249     2.543     2.346     2.246     2.647
ff10m        1586908800   48     1.189     1.292     1.235     1.348     1.095     1.852     0.713     0.984     1.117     1.187     1.470     0.688     1.600     1.220     1.500     1.191     1.579     1.006     0.968     1.267     1.449
ff10m        1586930400   54     1.101     1.252     1.160     0.958     1.251     1.359     0.644     0.821     1.276     1.268     1.041     0.963     0.943     1.233     0.661     0.988     1.434     1.038     1.105     1.375     1.100
ff10m        1586952000   60     1.561     1.273     1.371     1.729     1.290     1.813     2.030     1.444     1.205     1.493     1.521     1.683     1.558     1.306     1.705     1.756     1.759     1.382     1.509     1.560     1.598
ff10m        1586973600   66     1.529     1.336     1.488     1.708     1.355     1.687     1.613     1.353     1.562     1.539     1.543     1.410     1.571     1.336     1.634     1.783     1.746     1.293     1.499     1.805     1.700
ff10m        1586995200   72     2.582     2.481     2.495     2.691     2.619     2.571     2.518     2.526     2.599     2.560     2.640     2.412     2.592     2.349     2.594     2.819     2.632     2.454     2.508     2.750     2.640
ff10m        1587016800   78     2.256     2.020     2.056     2.507     2.397     2.142     1.986     2.206     2.251     2.180     2.174     2.184     2.246     2.155     2.276     2.192     2.317     2.014     2.235     2.413     2.270
ff10m        1587038400   84     1.803     1.850     2.373     1.614     1.095     1.476     0.219     2.198     1.330     1.777     1.238     1.789     1.564     1.403     2.014     1.432     1.595     1.583     1.681     1.653     1.259
ff10m        1587060000   90     1.149     1.481     1.173     1.072     0.872     1.054     0.898     1.036     0.918     1.043     0.726     1.342     0.801     1.129     0.920     0.696     0.539     1.233     1.056     0.600     0.043
ff10m        1587081600   96     2.213     2.390     2.415     2.351     2.436     1.692     1.359     2.159     2.280     2.035     2.096     2.043     2.231     2.608     2.269     1.978     2.129     1.858     2.242     1.935     2.018
ff10m        1587103200  102     1.979     2.275     2.367     2.366     2.931     2.308     1.596     2.169     2.623     1.914     1.759     2.202     1.854     2.835     1.542     1.109     1.572     1.539     2.229     2.016     1.304
ff10m        1587124800  108     4.109     4.198     4.003     4.605     4.424     3.894     2.492     3.964     4.052     4.055     3.438     3.148     3.918     4.466     3.510     1.253     3.217     3.659     3.981     3.912     2.624
ff10m        1587146400  114     2.419     3.506     2.513     2.769     3.535     2.803     1.780     2.552     2.642     2.360     2.000     1.724     2.686     2.944     2.205     1.427     2.005     2.086     2.797     2.209     2.084
ff10m        1587168000  120     1.162     1.388     0.497     1.359     2.794     1.388     0.145     1.109     1.398     1.327     0.804     0.241     1.200     1.713     0.562     1.691     0.967     0.544     1.121     0.804     1.161
ff10m        1587189600  126     0.308     1.368     0.641     0.210     2.119     0.414     1.426     0.747     0.725     1.212     1.455     0.551     0.864     1.487     0.637     1.543     0.837     1.070     0.279     0.236     0.270
ff10m        1587211200  132     1.064     3.132     2.315     2.304     2.832     1.491     1.202     0.823     1.784     2.017     0.566     1.911     2.025     2.358     0.828     1.384     0.439     2.710     1.037     1.446     0.248
ff10m        1587232800  138     1.629     3.109     2.166     2.011     2.218     1.863     0.949     1.499     3.016     2.344     0.594     1.503     2.215     2.757     1.763     0.868     1.714     2.004     0.769     1.697     0.847
ff10m        1587254400  144     0.765     1.066     0.978     0.266     1.413     1.258     1.025     0.438     1.396     0.321     1.156     0.194     1.539     1.512     0.769     1.594     2.101     0.329     0.929     1.911     1.339
ff10m        1587276000  150     0.450     0.457     1.318     1.547     1.871     1.317     0.387     1.577     2.070     1.678     0.668     1.378     2.765     1.991     1.111     0.163     1.653     1.342     0.878     2.586     1.979
ff10m        1587297600  156     2.150     3.682     3.169     3.540     3.078     2.939     2.524     3.246     4.332     3.326     0.828     2.667     4.750     2.979     3.292     1.148     0.925     3.248     1.836     3.716     1.096
ff10m        1587319200  162     3.218     3.314     3.871     3.223     2.550     2.652     3.010     3.402     3.249     2.837     1.435     3.500     3.589     2.628     3.929     1.756     1.632     2.426     2.537     4.329     2.041
ff10m        1587340800  168     2.757     1.064     2.427     1.731     1.338     1.862     2.993     2.387     0.525     1.559     2.093     2.453     1.397     1.717     2.252     1.906     2.539     1.249     1.440     3.442     1.877
ff10m        1587362400  174     3.602     1.385     3.158     2.697     2.561     1.941     2.925     3.243     2.513     2.702     2.618     3.474     2.498     1.742     2.407     3.236     1.945     0.591     2.160     3.928     2.442
ff10m        1587384000  180     5.356     2.819     5.358     4.566     5.055     3.774     3.393     4.996     4.353     4.926     3.693     5.617     5.019     3.315     4.001     5.764     2.976     3.204     4.132     4.912     2.053
ff10m        1587405600  186     4.423     3.100     3.681     3.251     3.745     3.462     2.451     4.436     3.115     4.077     3.582     5.075     3.358     2.996     3.121     3.793     2.666     2.326     4.063     3.817     2.167
ff10m        1587427200  192     2.817     1.212     1.662     1.911     2.389     1.645     2.167     3.734     1.436     3.201     3.254     2.797     1.647     1.441     2.162     1.816     0.818     2.017     3.026     2.738     1.994
ff10m        1587448800  198     2.307     1.215     1.594     1.748     1.170     1.059     1.293     2.241     1.196     3.653     2.320     2.445     1.988     1.688     2.380     2.284     2.595     1.648     2.519     3.103     1.715
ff10m        1587470400  204     3.900     2.393     2.739     3.692     2.444     3.345     2.547     2.574     2.477     5.528     2.654     3.396     3.769     2.954     4.021     4.199     3.102     1.435     2.782     4.951     3.104
ff10m        1587492000  210     3.491     2.186     1.481     2.976     1.131     1.806     2.230     2.245     2.117     4.159     2.256     2.482     3.076     2.034     3.684     3.578     2.787     1.914     1.630     3.594     2.833
ff10m        1587513600  216     1.950     2.003     2.234     1.086     2.250     1.209     1.436     0.997     2.183     1.708     1.742     0.148     1.823     0.302     2.527     1.337     1.416     2.741     0.648     0.830     1.305
ff10m        1587535200  222     2.030     1.800     1.931     1.165     1.544     1.021     1.546     2.353     1.515     2.161     1.201     1.648     2.520     1.041     2.475     1.596     1.573     2.554     1.404     2.120     1.255
ff10m        1587556800  228     3.088     2.199     1.667     2.144     1.754     2.603     2.755     3.312     1.467     3.814     0.946     2.807     3.661     2.304     2.754     3.114     2.318     2.215     2.551     4.160     2.971
ff10m        1587578400  234     2.319     2.117     1.177     1.789     1.332     1.835     2.371     3.660     0.748     2.706     1.217     2.595     2.922     2.191     2.222     3.254     2.324     1.672     2.387     2.869     1.669
ff10m        1587600000  240     1.822     1.194     1.201     1.494     2.280     0.675     1.536     1.965     1.260     0.541     0.452     1.589     1.273     1.935     1.173     1.779     1.348     2.104     2.433     0.702     2.258
apcpsfc      1586757600    6     0.470     0.291     0.494     0.419     0.573     0.521     0.461     0.533     0.541     0.525     0.344     0.453     0.374     0.428     0.299     0.299     0.628     0.490     0.440     0.374     0.284
apcpsfc      1586779200   12     0.846     1.187     0.612     0.713     1.022     1.275     0.646     1.278     0.377     0.674     1.018     0.793     0.444     0.575     0.368     0.960     0.936     0.575     0.906     1.009     0.796
apcpsfc      1586800800   18     4.984     4.747     4.183     4.649     4.854     5.900     4.564     4.327     4.205     4.130     4.714     4.418     3.327     4.585     4.019     5.195     4.753     5.014     4.831     4.884     5.112
apcpsfc      1586822400   24     7.258     4.143     8.508     5.329     7.554     5.942     8.311     4.145     7.225     7.894     6.919     8.403     5.763     7.488     7.572     8.333     7.865     6.894     8.752     6.218     6.331
apcpsfc      1586844000   30     0.296     0.290     0.323     0.296     0.423     0.258     0.356     0.262     0.200     0.494     0.337     0.457     0.323     0.244     0.311     0.397     0.629     0.461     0.306     0.323     0.296
apcpsfc      1586865600   36     0.156     0.074     0.228     0.145     0.186     0.256     0.398     0.073     0.072     0.245     0.151     0.282     0.093     0.141     0.092     0.166     0.183     0.258     0.381     0.026     0.145
apcpsfc      1586887200   42     0.004     0.000     0.018     0.000     0.018     0.018     0.058     0.000     0.000     0.043     0.000     0.116     0.000     0.004     0.003     0.029     0.017     0.046     0.069     0.000     0.018
apcpsfc      1586908800   48     0.000     0.000     0.000     0.000     0.000     0.000     0.000     0.000     0.000     0.000     0.000     0.000     0.000     0.000     0.000     0.000     0.000     0.000     0.000     0.000     0.000
apcpsfc      1586930400   54     0.000     0.000     0.000     0.000     0.000     0.000     0.000     0.000     0.000     0.000     0.000     0.000     0.000     0.000     0.000     0.000     0.000     0.000     0.000     0.000     0.000
apcpsfc      1586952000   60     0.000     0.000     0.000     0.000     0.000     0.000     0.000     0.000     0.000     0.000     0.000     0.000     0.000     0.000     0.000     0.000     0.000     0.000     0.000     0.000     0.000
apcpsfc      1586973600   66     0.000     0.000     0.000     0.000     0.000     0.000     0.000     0.000     0.000     0.000     0.000     0.000     0.000     0.000     0.000     0.000     0.000     0.000     0.000     0.000     0.000
apcpsfc      1586995200   72     0.000     0.000     0.000     0.000     0.000     0.000     0.000     0.000     0.000     0.000     0.000     0.000     0.000     0.000     0.000     0.000     0.000     0.000     0.000     0.000     0.000
apcpsfc      1587016800   78     0.000     0.000     0.000     0.000     0.000     0.000     0.000     0.000     0.000     0.000     0.000     0.000     0.000     0.000     0.000     0.000     0.000     0.000     0.000     0.000     0.000
apcpsfc      1587038400   84     0.028     0.156     0.445     0.000     0.000     0.000     0.000     0.131     0.038     0.000     0.003     0.000     0.106     0.008     0.038     0.000     0.000     0.000     0.011     0.000     0.000
apcpsfc      1587060000   90     1.645     3.026     2.959     0.641     0.339     0.594     0.652     2.848     2.133     1.140     0.427     1.009     2.396     1.116     1.606     0.187     0.591     1.828     0.767     0.143     0.002
apcpsfc      1587081600   96     0.543     1.011     1.778     0.432     2.207     0.664     0.687     1.420     1.873     0.695     1.578     1.495     0.931     2.660     0.718     0.067     0.253     0.243     0.642     0.587     0.000
apcpsfc      1587103200  102     0.153     0.756     0.655     0.232     2.333     1.177     0.107     0.262     0.563     0.497     0.061     0.428     0.277     2.470     0.061     0.000     0.107     0.074     0.379     0.598     0.075
apcpsfc      1587124800  108     0.807     1.079     1.434     0.541     1.851     1.692     0.502     1.636     0.528     1.407     0.996     1.018     1.929     1.651     0.961     0.148     1.289     1.011     1.781     1.010     1.437
apcpsfc      1587146400  114     1.367     1.444     1.250     0.660     4.166     2.469     2.447     1.790     0.778     1.569     1.218     1.833     1.861     1.433     1.981     1.541     2.074     2.317     2.552     2.662     2.703
apcpsfc      1587168000  120     0.052     0.454     0.196     0.349     0.984     1.194     0.486     0.139     0.163     0.164     0.004     0.000     0.271     0.196     0.044     0.030     0.083     0.018     0.295     0.300     0.321
apcpsfc      1587189600  126     0.026     0.000     0.000     0.074     0.323     0.026     0.000     0.072     0.026     0.026     0.000     0.000     0.083     0.074     0.000     0.000     0.009     0.000     0.000     0.000     0.000
apcpsfc      1587211200  132     0.026     0.026     0.206     0.079     0.026     0.043     0.537     0.000     0.527     0.084     0.725     0.026     1.341     0.000     0.325     0.176     0.000     0.003     0.126     0.088     0.005
apcpsfc      1587232800  138     1.413     0.029     0.793     0.567     0.053     0.770     5.804     0.565     1.485     0.679     5.754     0.158     2.252     0.008     2.165     7.029     1.250     0.066     1.630     1.502     2.144
apcpsfc      1587254400  144     0.328     0.000     0.105     0.160     0.258     0.000     3.782     1.701     0.048     0.053     5.170     0.755     0.301     0.003     0.024     4.887     0.371     0.000     0.586     0.216     0.122
apcpsfc      1587276000  150     0.079     0.000     0.111     0.211     0.254     0.000     1.634     2.063     0.000     0.032     3.443     0.459     0.402     0.000     0.018     0.000     0.026     0.000     0.300     0.175     0.096
apcpsfc      1587297600  156     1.059     0.000     0.481     0.079     1.855     0.253     0.723     0.333     0.000     0.000     2.797     1.164     0.096     0.000     0.016     0.618     0.853     0.000     0.586     0.306     1.898
apcpsfc      1587319200  162     1.408     0.000     0.797     0.000     7.683     0.335     5.766     0.555     0.000     0.000    10.963     3.524     0.000     0.000     0.013     3.204     1.341     0.000     1.671     0.035     2.003
apcpsfc      1587340800  168     0.608     0.000     0.296     0.000     2.831     0.000     9.321     1.030     0.000     0.000     4.110     0.279     0.000     0.000     0.005     2.370     0.292     0.000     2.279     0.233     0.048
apcpsfc      1587362400  174     0.333     0.000     0.049     0.000     0.375     0.000     5.766     2.661     0.000     0.048     7.263     0.035     0.000     0.000     0.005     0.488     3.026     0.000     4.805     0.499     0.175
apcpsfc      1587384000  180     0.105     0.004     0.038     0.000     0.322     0.000     2.538     2.629     0.069     0.000    11.265     0.018     0.001     0.000     0.000     0.048     1.754     0.000     6.071     0.206     0.100
apcpsfc      1587405600  186     0.210     0.065     0.016     0.000     0.408     0.000     1.135     2.832     0.175     0.021     6.779     0.205     0.000     0.000     0.014     0.000     4.338     0.000     6.542     0.078     0.116
apcpsfc      1587427200  192     0.227     0.595     0.018     0.000     0.362     0.000     0.153     0.678     0.026     0.079     5.646     0.148     0.026     0.000     0.003     0.000     8.828     0.000     3.666     0.179     0.029
apcpsfc      1587448800  198     0.039     0.401     0.000     0.000     0.005     0.000     0.434     0.339     0.018     0.003     2.293     0.075     0.000     0.000     0.025     0.000     8.907     0.000     2.890     0.072     0.000
apcpsfc      1587470400  204     0.000     1.346     0.000     0.000     0.011     0.000     0.339     0.366     0.000     0.141     2.899     0.125     0.000     0.000     0.000     0.000     7.131     0.556     0.778     0.344     0.026
apcpsfc      1587492000  210     0.325     4.660     0.007     0.020     0.013     0.003     0.815     1.106     0.164     0.261     4.389     0.614     0.013     0.000     0.703     0.000     7.285     2.669     1.001     0.258     0.354
apcpsfc      1587513600  216     0.763     2.392     0.087     0.042     0.023     0.003     0.362     0.103     0.059     0.130     2.076     0.289     0.192     0.000     4.974     0.000     6.742     0.910     0.684     0.026     0.016
apcpsfc      1587535200  222     1.766     0.250     0.467     0.052     0.399     0.000     0.026     0.177     0.000     0.026     2.406     0.126     0.938     0.000     4.063     0.000     4.503     0.330     0.128     0.071     0.000
apcpsfc      1587556800  228     1.462     0.392     1.107     0.128     1.122     0.000     0.000     0.309     0.005     0.004     1.870     0.227     0.638     0.000     2.003     0.045     3.405     1.423     0.212     0.651     0.000
apcpsfc      1587578400  234     2.893     2.008     2.937     0.895     1.677     0.021     0.000     1.178     0.198     0.016     1.561     0.285     0.890     0.000     2.927     0.962     6.416     8.172     0.183     0.631     0.029
apcpsfc      1587600000  240     1.374     1.069     2.287     0.769     0.565     0.000     0.000     1.148     0.005     0.000     0.276     0.038     0.174     0.382     0.979     2.729     5.424     4.172     0.562     0.088     0.010
tmp2m        1586757600    6   275.028   275.035   274.923   275.058   275.080   275.329   274.894   275.070   274.894   274.899   275.225   274.985   275.047   274.992   274.844   275.333   275.185   274.930   275.123   275.340   275.118
tmp2m        1586779200   12   282.277   281.571   282.673   282.334   282.038   281.880   282.669   281.955   282.854   282.550   282.171   282.416   282.901   282.410   282.851   282.223   282.699   282.303   282.137   282.325   282.307
tmp2m        1586800800   18   276.552   276.399   276.526   276.276   276.608   276.255   276.553   276.682   276.490   276.540   276.588   276.531   276.592   276.436   276.673   276.255   276.798   276.301   276.283   276.856   276.364
tmp2m        1586822400   24   271.182   271.312   271.171   270.881   271.468   270.426   271.127   272.241   271.519   271.429   271.462   271.378   271.495   271.039   271.550   270.576   272.509   271.131   271.010   272.067   270.422
tmp2m        1586844000   30   267.846   268.173   267.613   267.519   268.095   267.253   267.194   269.014   268.962   267.664   268.147   268.091   268.682   268.216   268.552   267.599   268.863   267.286   267.548   268.582   267.284
tmp2m        1586865600   36   273.883   274.648   273.374   273.763   273.777   273.162   272.279   275.173   275.389   273.300   274.041   273.391   275.079   274.426   274.558   273.500   274.149   273.261   272.805   274.969   273.431
tmp2m        1586887200   42   269.097   269.550   268.841   268.911   269.001   268.614   267.941   269.885   270.154   268.899   269.178   268.994   270.154   269.280   269.604   268.987   269.388   268.717   268.180   269.577   268.836
tmp2m        1586908800   48   262.647   264.864   261.286   264.149   262.782   264.397   260.531   264.775   264.425   261.862   264.080   260.769   265.628   263.198   264.179   261.256   264.177   261.867   260.449   264.434   262.743
tmp2m        1586930400   54   271.242   271.792   270.522   271.425   271.185   270.907   270.277   272.070   272.117   270.810   271.168   270.569   272.067   271.139   271.884   270.636   271.535   270.779   270.394   271.817   270.651
tmp2m        1586952000   60   282.150   283.309   281.575   282.421   282.578   281.747   280.795   283.276   283.631   281.840   282.304   281.455   282.733   282.583   282.346   281.384   282.044   281.725   281.340   283.040   281.812
tmp2m        1586973600   66   274.823   274.611   274.750   275.204   275.194   275.418   273.833   274.852   275.639   274.761   274.993   274.957   274.763   274.967   274.879   275.009   275.391   274.212   274.752   275.477   275.240
tmp2m        1586995200   72   273.349   273.572   272.982   273.419   273.504   273.078   272.576   273.761   274.042   273.213   273.341   273.343   273.497   273.454   273.488   273.144   273.571   273.244   273.234   273.371   273.092
tmp2m        1587016800   78   275.770   276.444   275.579   275.587   275.544   275.606   275.598   276.262   276.173   275.833   275.392   275.779   276.232   275.910   276.053   275.408   275.598   276.108   275.754   275.333   275.344
tmp2m        1587038400   84   285.335   284.664   283.928   286.284   285.921   286.009   285.594   284.695   286.685   285.948   286.311   285.576   286.096   286.174   285.466   286.043   286.249   285.775   285.596   286.575   285.841
tmp2m        1587060000   90   277.339   278.515   277.717   277.966   278.299   277.545   277.601   277.931   278.421   276.982   278.224   277.517   277.632   277.699   277.892   277.368   277.651   277.989   277.984   277.156   276.206
tmp2m        1587081600   96   275.121   275.483   275.302   275.749   275.866   276.234   275.085   276.351   276.363   275.231   276.401   276.025   275.812   276.657   275.111   274.728   275.168   274.920   275.059   276.098   274.553
tmp2m        1587103200  102   277.000   276.996   276.742   276.844   276.650   276.397   276.866   276.754   277.375   277.309   277.062   276.503   277.651   277.100   277.429   277.767   277.509   277.125   277.077   277.652   277.868
tmp2m        1587124800  108   284.695   283.034   282.386   283.330   278.646   282.801   285.614   282.194   283.883   283.725   284.844   283.547   283.850   282.158   284.986   288.283   284.901   285.340   282.354   284.488   285.461
tmp2m        1587146400  114   277.901   277.514   277.546   277.286   274.543   277.938   278.296   277.080   278.107   277.695   278.257   277.733   277.969   276.553   278.384   279.406   278.293   278.476   277.182   277.869   279.072
tmp2m        1587168000  120   274.435   274.236   274.940   275.032   271.222   274.610   274.194   275.070   275.333   275.433   273.979   273.845   276.040   273.605   275.676   276.267   276.272   274.808   275.105   274.779   276.828
tmp2m        1587189600  126   276.379   273.741   275.626   275.328   270.262   275.125   277.291   275.127   275.922   276.153   277.630   277.001   276.377   273.635   277.379   279.059   276.632   276.975   275.297   276.893   277.744
tmp2m        1587211200  132   286.408   281.852   283.728   283.449   277.712   285.687   283.500   285.601   283.876   284.480   284.240   286.329   281.181   283.443   286.216   287.989   286.215   286.123   284.703   286.201   287.578
tmp2m        1587232800  138   277.813   274.388   277.161   277.050   272.886   277.239   278.824   277.497   276.844   277.541   279.011   278.220   277.756   276.054   278.517   280.744   279.126   278.577   277.523   278.906   279.158
tmp2m        1587254400  144   275.350   268.986   272.611   273.152   270.198   273.234   276.375   275.841   270.888   274.775   277.551   276.536   274.597   270.133   275.321   278.073   277.418   274.174   275.327   276.514   277.531
tmp2m        1587276000  150   276.654   273.145   274.305   274.395   272.160   275.457   276.923   274.660   271.632   274.727   277.650   276.433   273.021   273.304   276.608   279.753   277.918   277.328   275.511   274.815   278.709
tmp2m        1587297600  156   282.751   281.342   280.858   281.200   277.449   283.492   282.726   280.522   281.133   282.984   281.818   281.112   278.838   284.465   284.581   288.836   284.725   286.485   281.882   279.175   283.417
tmp2m        1587319200  162   277.637   273.249   274.703   274.486   273.941   276.787   278.015   276.186   273.995   275.553   278.453   276.957   273.077   275.698   276.409   282.097   281.037   277.879   277.236   273.254   280.160
tmp2m        1587340800  168   273.616   268.174   270.472   269.470   270.245   274.331   275.955   273.331   268.766   271.336   276.759   271.544   267.816   270.716   271.181   278.999   278.122   274.417   274.655   270.068   277.078
tmp2m        1587362400  174   271.037   271.599   269.766   270.679   269.773   275.004   275.300   272.016   270.648   272.324   275.760   270.089   270.608   273.953   272.237   276.479   278.016   276.560   274.159   269.958   278.587
tmp2m        1587384000  180   276.963   280.475   277.407   279.827   274.772   284.395   280.864   275.703   279.003   279.635   276.063   277.550   278.961   283.346   281.400   281.430   282.772   285.926   276.845   275.265   286.224
tmp2m        1587405600  186   271.270   273.497   271.421   274.469   270.271   277.010   278.257   272.997   273.194   273.040   273.898   270.357   273.469   275.406   274.913   274.099   278.218   278.066   274.787   270.079   281.282
tmp2m        1587427200  192   267.283   269.883   266.646   268.799   267.019   270.380   275.205   270.083   268.626   268.525   272.376   267.445   269.169   269.006   269.730   269.164   276.099   274.221   271.772   267.218   277.415
tmp2m        1587448800  198   269.081   271.992   269.819   271.329   268.806   273.698   277.432   272.973   271.599   269.050   273.438   269.622   271.491   272.284   270.910   271.484   273.618   277.089   273.072   268.148   278.560
tmp2m        1587470400  204   278.787   279.305   279.797   280.543   278.431   283.858   284.374   279.383   281.648   276.040   277.067   278.796   281.396   282.217   278.981   280.342   273.799   286.742   279.306   275.291   287.360
tmp2m        1587492000  210   273.889   274.942   273.932   274.948   273.082   277.354   280.767   276.475   275.624   271.075   275.590   274.200   275.460   276.262   272.532   274.737   271.617   280.696   277.489   270.510   281.360
tmp2m        1587513600  216   270.632   271.621   269.908   268.670   271.257   271.370   277.362   269.483   270.894   266.525   273.576   268.191   272.405   269.524   268.698   268.199   270.160   276.862   273.599   266.210   275.206
tmp2m        1587535200  222   271.138   272.561   273.393   271.384   274.345   275.454   277.944   273.028   273.852   269.561   274.237   272.178   271.766   273.312   268.674   269.762   270.689   277.638   275.882   269.434   277.406
tmp2m        1587556800  228   277.259   280.602   279.673   280.486   280.350   285.371   287.543   277.985   285.186   279.413   279.031   280.323   277.985   283.777   274.655   278.342   273.595   283.408   281.157   277.198   286.557
tmp2m        1587578400  234   275.044   277.259   275.556   274.462   276.977   277.568   280.934   273.511   276.984   273.693   276.639   274.758   273.030   276.381   272.618   272.729   271.567   279.049   276.724   271.896   279.582
tmp2m        1587600000  240   272.351   273.415   271.617   269.860   272.291   271.898   275.406   269.593   271.431   267.757   273.267   269.033   267.076   271.466   267.704   268.742   267.717   277.379   272.315   267.700   274.903
tcdcclm      1586757600    6     6.846     7.098     6.829     6.957     6.658     7.017     6.873     7.178     7.217     7.003     7.029     7.098     7.091     6.997     6.860     6.741     6.827     7.127     7.045     6.984     6.894
tcdcclm      1586779200   12     6.907     7.216     5.718     3.417     7.469     7.144     6.154     7.083     4.899     5.931     6.181     7.111     6.326     5.680     5.402     7.113     6.096     5.964     7.641     6.826     7.238
tcdcclm      1586800800   18     5.940     6.269     6.257     5.712     7.096     6.377     5.483     6.477     4.704     5.634     6.339     5.545     5.630     5.227     5.118     5.629     5.264     5.570     5.916     5.704     6.183
tcdcclm      1586822400   24     6.766     6.731     7.148     6.773     7.285     6.844     6.968     6.634     6.528     7.094     7.049     6.842     6.951     6.684     6.839     7.123     7.064     7.299     7.092     6.872     6.854
tcdcclm      1586844000   30     5.214     5.230     5.441     5.333     5.227     5.226     5.756     5.348     5.014     5.970     5.205     5.253     5.304     5.298     4.960     5.445     5.403     5.812     5.371     5.390     5.316
tcdcclm      1586865600   36     3.809     3.066     4.810     4.232     4.572     4.347     5.546     3.206     2.811     4.983     3.912     5.051     2.964     3.787     3.049     4.155     4.543     4.691     5.373     2.166     4.217
tcdcclm      1586887200   42     0.123     0.117     0.894     0.330     0.561     0.628     1.782     0.117     0.067     1.633     0.274     2.955     0.067     0.198     0.108     0.807     0.295     1.942     2.054     0.036     0.806
tcdcclm      1586908800   48     0.038     0.046     0.392     0.067     0.256     0.067     0.478     0.038     0.021     0.532     0.067     1.120     0.046     0.067     0.067     0.358     0.105     0.642     0.639     0.046     0.294
tcdcclm      1586930400   54     0.139     0.084     0.214     0.447     0.193     0.156     0.650     0.208     0.328     0.186     0.317     0.052     0.165     0.145     0.153     0.167     0.241     0.072     0.363     0.131     0.090
tcdcclm      1586952000   60     1.463     1.053     1.542     2.460     1.793     1.337     2.366     1.355     1.963     0.252     1.634     0.614     0.532     1.368     0.471     1.441     1.220     1.237     2.064     0.804     0.386
tcdcclm      1586973600   66     1.767     1.756     1.189     2.337     2.649     2.312     2.274     1.683     1.984     1.043     1.435     1.844     1.730     2.260     0.486     1.479     1.233     1.652     1.985     0.499     2.106
tcdcclm      1586995200   72     1.467     0.841     1.195     2.304     2.705     2.556     2.287     1.521     0.773     1.602     2.024     3.483     2.210     1.488     2.413     1.884     1.290     2.225     1.781     0.841     1.933
tcdcclm      1587016800   78     0.906     0.244     0.306     1.929     0.707     2.555     3.650     1.019     0.504     2.476     1.443     3.371     2.310     0.781     2.797     1.306     1.147     1.423     2.091     0.275     0.457
tcdcclm      1587038400   84     0.969     1.386     2.067     0.368     0.409     0.453     2.066     1.424     1.327     0.511     0.896     1.317     1.648     0.438     1.733     1.719     1.564     2.089     0.842     0.115     4.132
tcdcclm      1587060000   90     5.646     6.593     5.786     5.726     5.582     5.295     5.770     6.695     6.696     5.814     6.290     6.064     5.674     6.491     6.691     7.099     6.819     6.968     5.939     4.497     5.804
tcdcclm      1587081600   96     3.706     4.684     6.171     5.196     7.595     6.715     6.161     6.715     6.409     3.403     7.127     5.883     5.744     6.652     3.174     3.155     3.527     3.029     3.435     6.532     5.759
tcdcclm      1587103200  102     2.787     5.173     4.908     5.924     7.709     7.260     2.857     4.731     5.268     4.909     4.071     4.311     6.208     6.815     3.220     0.955     6.280     4.475     3.809     6.322     4.583
tcdcclm      1587124800  108     0.491     3.640     3.703     2.128     7.729     5.107     1.545     3.296     2.117     2.654     2.420     3.722     5.138     4.696     4.797     3.117     5.397     2.022     5.121     3.824     2.261
tcdcclm      1587146400  114     0.754     3.749     2.668     3.098     7.531     4.786     3.112     3.887     1.757     2.103     3.078     1.809     3.379     5.247     4.601     6.088     1.915     3.822     4.912     3.283     5.827
tcdcclm      1587168000  120     4.193     5.579     5.686     6.201     6.867     6.331     2.331     6.139     5.187     5.038     0.656     1.384     6.857     5.744     4.174     4.468     3.949     4.718     6.521     4.798     6.114
tcdcclm      1587189600  126     3.463     3.689     2.055     5.619     6.059     3.798     3.440     4.203     3.043     2.231     2.558     0.599     6.847     4.980     2.941     6.499     3.426     3.817     2.424     4.019     5.702
tcdcclm      1587211200  132     3.387     1.756     1.268     2.975     2.741     0.164     7.598     2.469     1.019     2.330     5.812     0.957     7.024     0.799     2.399     6.231     2.597     1.198     1.478     2.542     3.595
tcdcclm      1587232800  138     3.146     1.201     1.945     2.638     1.488     1.034     7.410     3.584     3.295     3.807     7.701     4.877     5.685     0.482     2.555     7.868     5.421     1.317     3.508     3.663     5.569
tcdcclm      1587254400  144     2.155     0.325     3.213     1.838     3.729     1.750     6.892     7.189     3.640     5.488     7.614     6.210     5.412     1.643     1.453     6.862     5.779     0.640     4.822     4.220     7.188
tcdcclm      1587276000  150     3.908     0.261     1.678     2.616     4.650     4.547     7.389     6.013     0.271     3.220     7.024     5.782     5.628     0.269     1.301     5.766     5.267     2.477     6.761     6.224     7.175
tcdcclm      1587297600  156     3.159     0.202     2.689     1.850     5.096     1.159     6.908     5.214     0.067     0.514     7.391     5.388     3.242     0.435     0.901     4.515     5.717     3.553     6.793     4.941     7.528
tcdcclm      1587319200  162     5.535     0.250     4.453     0.510     5.939     1.211     7.255     5.484     0.087     0.300     7.862     5.830     0.248     0.303     0.940     5.793     7.416     3.273     5.848     2.333     7.648
tcdcclm      1587340800  168     5.757     0.139     5.229     0.341     5.834     2.972     7.959     6.153     0.263     0.720     7.813     5.309     0.254     0.137     0.891     7.598     7.787     5.775     5.903     5.545     5.936
tcdcclm      1587362400  174     5.772     0.139     3.926     0.491     4.964     1.667     7.710     5.796     0.316     3.343     7.643     3.443     0.178     0.660     1.017     6.752     7.631     5.210     6.767     6.339     6.282
tcdcclm      1587384000  180     3.011     0.265     1.138     0.307     4.284     0.021     6.485     5.851     1.721     0.588     7.573     0.993     0.139     0.403     0.313     2.517     7.254     2.967     6.487     3.356     6.913
tcdcclm      1587405600  186     3.345     1.710     0.503     0.164     5.104     0.059     7.637     6.293     2.851     0.597     7.621     3.244     0.327     0.229     1.621     0.334     7.731     0.481     6.539     1.500     7.077
tcdcclm      1587427200  192     4.435     4.087     1.145     0.241     5.558     0.392     7.566     7.490     0.889     3.060     7.881     4.003     2.462     0.682     0.623     0.105     7.934     0.833     6.995     4.245     6.688
tcdcclm      1587448800  198     1.642     3.370     0.122     0.227     1.488     0.224     5.710     7.694     2.560     0.695     7.508     2.123     0.361     0.271     3.206     0.147     7.907     4.314     7.296     1.553     4.456
tcdcclm      1587470400  204     0.532     4.175     0.227     0.333     0.919     0.174     5.389     6.756     0.325     2.574     7.368     2.121     0.157     0.101     0.666     0.196     7.809     5.667     6.991     2.277     3.001
tcdcclm      1587492000  210     4.506     5.399     0.638     0.694     0.922     1.621     5.548     5.612     3.137     4.204     7.593     3.769     0.937     0.178     3.880     0.378     7.877     3.811     7.577     1.915     5.180
tcdcclm      1587513600  216     5.949     5.774     1.712     0.872     1.174     2.198     5.475     3.979     1.859     3.103     6.625     2.454     4.033     0.139     6.591     0.370     7.879     3.381     7.734     1.266     5.068
tcdcclm      1587535200  222     7.278     5.081     5.409     1.230     4.325     3.814     2.664     3.972     0.390     1.802     6.073     1.730     6.883     0.080     7.938     0.549     7.743     4.395     6.313     2.461     0.550
tcdcclm      1587556800  228     6.863     4.973     5.681     1.667     5.845     4.653     1.418     4.535     0.382     1.147     5.866     2.514     4.816     1.552     7.029     0.905     7.551     6.655     5.101     6.831     0.139
tcdcclm      1587578400  234     6.973     5.790     6.208     4.253     5.659     3.053     0.229     5.340     4.602     1.249     5.941     2.917     3.611     4.806     7.041     4.838     7.636     7.734     4.136     4.104     0.334
tcdcclm      1587600000  240     7.042     5.524     6.359     3.223     4.261     1.138     0.745     5.130     1.293     0.917     5.217     1.583     1.695     4.042     5.586     5.869     7.392     7.704     6.263     3.570     0.597
