# ASCII output from GENSvis.py
# Contains interpolated values from the
# GFS ensemble on 1.000000 x 1.000000 degrees
# The data in here are for station
# 11120: INNSBRUCK
# Station position:  11.3553 47.2589
# Used grid point 1: 12.0000 48.0000
# Used grid point 2: 12.0000 47.0000
# Used grid point 3: 11.0000 47.0000
# Used grid point 4: 11.0000 48.0000
varname    timestamp    step mem0      mem1      mem2      mem3      mem4      mem5      mem6      mem7      mem8      mem9      mem10     mem11     mem12     mem13     mem14     mem15     mem16     mem17     mem18     mem19     mem20     
tmax2m       1586584800    6   275.542   275.703   275.528   275.561   275.705   275.578   275.598   275.359   275.260   275.534   275.607   275.574   275.587   275.629   275.563   275.577   275.452   275.409   275.500   275.594   275.653
tmax2m       1586606400   12   284.190   283.383   284.074   284.644   284.203   284.273   283.919   283.722   283.923   284.557   283.641   283.899   283.673   283.314   284.096   284.161   284.057   284.695   283.901   284.032   284.274
tmax2m       1586628000   18   284.059   283.532   284.217   284.378   283.167   284.139   283.993   283.877   284.115   284.657   283.531   283.851   283.615   283.312   284.043   284.195   284.160   284.588   284.451   284.470   283.450
tmax2m       1586649600   24   277.687   277.855   277.691   277.887   277.924   277.457   277.735   277.319   277.457   277.762   277.794   277.638   277.733   277.803   277.741   277.724   277.809   277.592   277.618   277.689   277.818
tmax2m       1586671200   30   276.835   276.880   276.956   276.825   276.872   276.868   276.925   276.764   276.903   276.790   276.921   276.760   276.794   276.824   276.886   276.830   276.982   276.912   276.947   276.947   276.899
tmax2m       1586692800   36   284.098   284.101   284.220   284.093   283.777   283.880   284.312   283.620   283.667   283.954   283.866   283.903   284.298   284.016   284.187   284.095   284.320   283.645   284.272   283.846   283.884
tmax2m       1586714400   42   284.260   284.363   284.461   284.434   283.920   283.923   284.479   283.880   283.793   284.180   284.050   284.227   284.566   284.182   284.433   284.406   284.616   283.867   284.480   284.147   284.123
tmax2m       1586736000   48   277.436   276.914   277.547   277.168   277.373   277.569   277.685   276.968   277.321   277.360   277.574   277.119   277.167   277.546   277.556   277.578   277.613   277.470   277.700   277.389   277.282
tmax2m       1586757600   54   275.733   275.977   275.771   275.714   275.598   275.597   275.570   275.722   275.806   275.495   275.768   275.759   275.558   275.584   275.585   275.728   275.726   275.671   275.850   275.963   275.589
tmax2m       1586779200   60   284.794   284.647   284.280   284.620   284.968   284.268   282.300   284.580   284.501   284.347   284.047   285.632   284.358   283.904   284.115   283.859   284.478   285.085   283.255   284.957   283.754
tmax2m       1586800800   66   284.597   284.231   284.013   284.122   284.768   283.889   282.392   284.236   284.315   284.422   284.132   285.502   284.155   283.887   284.172   283.728   284.552   284.983   282.912   284.896   283.722
tmax2m       1586822400   72   277.410   276.778   277.371   277.342   277.301   276.937   276.401   276.839   277.271   276.698   277.224   277.663   277.005   277.027   276.876   276.989   276.436   277.251   276.964   277.397   277.158
tmax2m       1586844000   78   275.176   273.079   275.265   274.138   275.626   273.970   274.995   274.031   274.729   275.256   275.035   275.447   275.207   275.035   275.163   274.555   275.067   274.442   274.823   274.463   274.953
tmax2m       1586865600   84   278.819   277.514   280.218   278.633   280.340   277.777   274.796   277.433   281.718   276.653   277.912   280.184   278.580   278.326   279.702   277.639   280.084   278.651   278.082   279.949   278.174
tmax2m       1586887200   90   279.368   278.310   280.971   280.407   280.696   278.460   274.811   278.025   282.262   277.010   278.416   280.768   279.361   279.456   280.086   278.245   280.859   279.121   278.717   280.834   278.688
tmax2m       1586908800   96   272.627   271.812   274.166   274.832   273.621   271.777   268.727   271.724   276.106   270.960   271.970   274.586   274.005   272.902   273.248   271.486   274.757   272.477   272.527   275.400   272.055
tmax2m       1586930400  102   275.045   273.821   275.223   274.640   275.032   274.573   270.192   273.709   275.205   273.330   273.470   275.506   275.598   274.533   274.668   274.157   274.860   275.441   273.543   275.290   273.494
tmax2m       1586952000  108   286.159   284.111   284.992   283.475   287.001   286.038   282.129   285.561   283.282   285.697   285.655   283.891   287.081   286.230   283.134   285.847   285.591   283.258   285.124   284.025   284.911
tmax2m       1586973600  114   285.024   284.430   283.842   283.380   287.498   286.465   283.363   285.931   282.911   285.943   285.817   283.661   287.141   286.613   282.695   284.985   284.913   282.817   285.344   284.241   285.394
tmax2m       1586995200  120   277.516   275.573   277.262   277.734   277.887   276.753   275.394   275.250   278.260   277.178   276.941   278.545   278.644   276.388   277.407   276.968   277.783   278.079   276.033   278.094   276.849
tmax2m       1587016800  126   276.979   276.972   277.579   275.738   277.916   277.631   274.471   276.625   276.062   276.724   276.493   277.131   278.282   277.725   276.297   275.889   276.493   276.500   276.609   276.468   276.339
tmax2m       1587038400  132   288.258   288.129   288.400   286.783   287.717   287.008   285.896   288.654   286.637   289.711   289.078   288.693   288.064   288.104   287.685   287.092   287.135   287.701   287.410   286.124   287.610
tmax2m       1587060000  138   288.115   287.895   288.154   286.422   287.564   286.506   285.623   288.762   286.599   290.074   289.564   288.001   288.686   288.140   287.702   287.479   287.738   288.271   287.501   285.715   287.627
tmax2m       1587081600  144   278.833   278.001   279.445   278.677   279.927   278.221   275.451   279.276   279.856   278.534   278.047   280.167   280.206   280.639   278.426   278.715   278.696   279.603   279.247   280.314   278.510
tmax2m       1587103200  150   279.037   278.652   279.026   279.256   280.220   279.412   278.247   278.864   279.424   280.273   279.908   279.764   279.161   278.450   278.667   278.602   279.033   280.016   278.749   278.968   278.972
tmax2m       1587124800  156   290.996   287.077   290.078   290.811   288.470   290.685   289.113   288.219   287.421   291.126   290.762   289.900   289.455   291.760   289.042   288.039   287.206   289.175   288.903   288.741   289.616
tmax2m       1587146400  162   291.047   287.100   289.930   291.180   288.669   290.345   289.361   287.879   287.011   291.304   290.765   290.126   290.315   291.555   287.471   288.193   286.767   288.939   287.700   288.789   290.076
tmax2m       1587168000  168   281.797   279.394   281.794   280.813   280.868   280.787   279.168   281.048   281.653   280.939   281.043   282.618   281.936   282.858   281.072   280.193   279.160   282.108   281.459   281.919   281.838
tmax2m       1587189600  174   280.601   278.613   280.820   280.014   280.636   279.893   280.313   279.204   279.598   281.353   280.063   280.325   281.493   280.900   279.637   279.153   279.346   280.463   279.592   279.958   280.810
tmax2m       1587211200  180   290.983   289.448   290.169   288.325   291.705   290.405   289.977   284.811   289.944   290.937   291.307   290.403   290.404   289.709   286.952   284.844   288.425   288.188   288.254   290.059   291.097
tmax2m       1587232800  186   289.936   289.829   290.237   288.450   291.779   290.671   288.255   284.238   289.524   291.041   291.142   290.570   290.495   288.379   285.546   284.360   287.675   286.703   287.759   289.720   290.874
tmax2m       1587254400  192   282.768   279.671   283.399   281.079   281.777   283.107   281.082   278.588   282.403   281.957   282.010   283.635   283.691   282.382   280.837   280.317   279.945   282.046   281.203   282.674   282.639
tmax2m       1587276000  198   282.312   280.204   281.546   278.971   281.720   281.162   280.292   277.193   280.584   281.572   281.000   281.745   281.951   281.110   280.185   279.775   278.799   281.585   280.841   282.125   282.002
tmax2m       1587297600  204   289.657   289.448   291.746   287.464   289.682   289.040   288.487   281.039   289.460   292.672   289.410   291.695   292.818   283.353   286.435   287.689   289.050   288.097   287.262   289.492   292.771
tmax2m       1587319200  210   289.513   289.665   291.280   287.429   289.365   289.284   288.551   281.760   289.333   292.929   289.442   291.470   291.475   284.134   285.829   287.594   288.637   287.959   286.938   289.573   292.000
tmax2m       1587340800  216   281.858   280.432   283.430   281.091   282.059   281.572   280.864   277.121   282.598   282.693   281.747   285.415   284.609   278.447   282.261   281.292   282.438   282.720   282.150   283.160   283.485
tmax2m       1587362400  222   280.159   279.579   282.212   278.048   281.845   277.511   277.788   275.112   280.298   280.818   277.373   282.744   282.640   275.812   279.887   279.894   279.687   281.865   279.879   280.486   282.950
tmax2m       1587384000  228   286.402   287.396   292.377   287.781   288.508   284.067   284.249   282.448   288.421   285.626   284.225   290.853   290.179   282.581   287.092   283.593   287.707   287.732   286.830   291.498   287.731
tmax2m       1587405600  234   286.363   287.391   291.704   288.737   288.565   284.098   283.392   282.025   288.043   284.963   283.458   289.839   289.829   282.521   287.095   283.650   287.144   287.718   286.749   291.868   286.958
tmax2m       1587427200  240   280.246   279.756   282.661   282.129   282.830   278.637   280.201   275.727   283.238   279.205   277.658   284.953   282.573   276.881   282.324   279.225   283.072   282.144   282.504   285.730   283.335
dd10m        1586584800    6   299.846   311.041   316.112   292.726   297.302   285.701   309.436   296.989   302.683   304.860   303.103   289.348   298.754   306.660   305.545   299.263   295.391   289.351   315.158   296.773   282.533
dd10m        1586606400   12    27.436    30.794    32.544    28.917    27.893    30.586    25.065    21.068    30.560    22.672    27.638    23.718    23.411    26.941    29.901    29.285    30.750    26.641    28.586    28.844    26.192
dd10m        1586628000   18    75.469    81.577    78.768    74.002    78.612    76.165    79.354    71.705    70.440    68.618    79.755    73.353    74.984    79.477    83.715    75.573    85.021    69.358    79.220    73.952    69.970
dd10m        1586649600   24   196.819   196.081   195.291   197.918   194.713   196.407   197.125   196.001   197.512   198.086   197.492   196.784   196.879   194.982   195.807   196.484   197.617   196.181   192.296   193.674   198.611
dd10m        1586671200   30   206.906   203.835   203.512   206.175   206.155   203.655   202.342   206.025   206.401   206.267   206.654   204.833   203.568   205.030   206.445   204.459   205.012   202.889   204.866   203.138   206.518
dd10m        1586692800   36   210.413   213.586   209.952   212.530   211.937   213.299   205.566   218.323   218.333   208.344   213.901   212.693   205.560   213.449   208.195   205.970   212.183   211.459   209.199   208.278   213.286
dd10m        1586714400   42   182.377   195.704   181.198   185.912   189.648   179.186   176.510   186.628   181.358   175.629   179.858   195.450   180.707   182.259   180.325   176.473   176.890   181.407   179.583   182.693   190.546
dd10m        1586736000   48   199.452   210.202   197.224   198.452   199.958   205.322   195.549   205.589   200.161   198.195   200.192   202.314   196.360   196.355   195.516   202.262   199.556   203.814   196.557   199.661   198.492
dd10m        1586757600   54   208.318   227.962   205.879   204.853   205.353   222.595   198.803   220.771   208.087   201.873   210.716   210.678   201.521   202.157   198.808   224.913   205.748   215.859   203.935   208.369   200.474
dd10m        1586779200   60   281.961   307.924   264.835   263.308   274.012   316.091   225.324   317.086   260.956   236.976   276.580   303.546   248.004   250.455   237.113   328.137   266.662   315.421   246.908   291.134   246.737
dd10m        1586800800   66   348.252   349.322   340.168   338.546   338.265   349.353   253.092   353.603   341.370   308.592   350.030   351.792   345.263   332.995   350.980   346.819    17.776   348.093   335.082   352.196   336.282
dd10m        1586822400   72     1.932   348.618     2.041   357.308     3.011   356.012   306.833   354.975    11.187   336.609   354.934    17.928     5.324   323.911    12.179     2.896   135.829   353.492   355.093    11.997     3.265
dd10m        1586844000   78     4.742     0.002    14.247    16.246    11.374     2.096     3.584   355.160    23.004   353.385   358.761    15.689    19.313     0.850    20.642     7.360    25.305   351.457     0.233    28.954     5.386
dd10m        1586865600   84    18.031    15.411    24.685    54.291    17.301    17.782   355.702    11.919    52.834     3.909   358.884    28.702    33.802    11.580    34.279     7.615    45.352    18.262     9.913    45.364     6.029
dd10m        1586887200   90    46.816    41.087    58.353    82.715    43.804    48.007    24.445    34.314    75.833    46.565    17.482    61.441    79.859    43.760    58.180    35.560    64.353    54.796    33.457    87.344    28.548
dd10m        1586908800   96   157.214   139.596   163.090   168.179   168.329   171.474   145.858   165.011   164.625   149.312   149.885   158.188   174.665   177.894   138.265   157.894   150.443   162.289   151.104   162.218   143.136
dd10m        1586930400  102   177.507   177.599   181.000   164.713   179.338   198.084   124.879   146.834   170.929   171.892   121.719   185.364   201.834   185.810   138.020   174.979   179.497   186.515   137.996   179.320   167.726
dd10m        1586952000  108    79.184    60.821    64.781   107.763   104.277    67.790   117.717    51.275   119.052   105.266   105.167    86.376    78.300    62.632   111.784    89.972   105.017    86.327    98.522   159.873   133.265
dd10m        1586973600  114   112.021   103.121    83.750   134.801   121.218   110.929   135.088    63.197   118.789   137.318   127.338   128.405   133.553    66.456   127.705   132.173   120.499   123.614    91.657   145.115   139.731
dd10m        1586995200  120   180.832   184.868   201.999   172.399   186.411   188.312   172.019   177.752   174.549   178.937   178.138   178.426   193.463   188.345   177.955   177.785   179.712   182.094   175.480   180.298   181.974
dd10m        1587016800  126   192.506   195.558   272.102   174.872   225.886   205.367   191.779   330.462   179.483   205.168   192.592   199.555   214.200   194.770   195.921   183.656   188.172   187.319   188.924   184.847   194.459
dd10m        1587038400  132    80.788   149.584    52.275   228.622    17.727    19.844   210.756   101.572   164.799   342.556   239.485   104.374    46.461   151.492   115.888   171.237   199.542   221.854   146.277   184.995   231.163
dd10m        1587060000  138   107.219    84.665   106.179   104.837    57.314    75.564   148.753   126.964   349.117    65.958    65.735    64.402   119.979   162.379   111.916   346.448    98.711   114.005   161.381   180.022   141.864
dd10m        1587081600  144   189.021   234.122   190.214   193.325   202.687   208.661   211.788   198.552   210.086   221.020   202.829   190.096   190.177   193.171   188.749   237.510   235.083   224.537   195.746   206.066   196.654
dd10m        1587103200  150   189.020   289.424   194.290   160.620   183.234   161.013   245.720   241.170   168.467   136.030   158.952   172.948   189.593   213.961   204.493   323.049   294.901   182.899   202.916   200.731   189.872
dd10m        1587124800  156    90.174   345.031   173.374    73.112   139.720    56.065    85.863    55.269   132.457   101.150   106.575   132.215   169.838    74.016    62.848    31.765    12.606   116.380    36.322   151.012   146.769
dd10m        1587146400  162   114.670   358.896    62.796    53.704   128.625    93.430   115.666   258.156   142.132   108.348   110.118   144.812   132.744   138.200   104.773    82.570    26.924   153.958   122.950   156.682   132.936
dd10m        1587168000  168   185.272    47.321   200.575    27.749   209.581   177.335   204.253   310.730   197.006   204.463   187.987   191.721   210.067   228.601   192.428   179.080   333.034   198.614   184.932   202.797   197.603
dd10m        1587189600  174   199.935   121.523   209.164    13.477   222.220   175.757   203.430   302.100   209.519   200.844   190.773   190.172    83.520   224.097   217.685   181.982    31.454   194.518   185.680   209.933   200.621
dd10m        1587211200  180   106.801   122.229   139.596    43.896   143.015   117.513    12.695   323.755    61.497    48.856    78.201   176.482   118.791   337.981   131.272   141.667    22.338   141.900   160.257   194.500   103.061
dd10m        1587232800  186    92.463    55.079   147.339    50.108    67.777   129.857    29.733   338.331   111.594    79.031    98.879   164.279   137.124   348.893   164.793   152.377    55.917   153.245   163.027   252.563   128.598
dd10m        1587254400  192   221.695   298.228   200.560   140.061   220.581   183.972   354.650   351.137   184.846   189.524   253.255   204.963   188.012   335.286   193.910   200.024   132.424   201.936   196.509   310.216   190.747
dd10m        1587276000  198   270.290    15.946   212.247   147.811   242.903   242.467    33.001    12.905   186.893   228.899   330.042   215.365   202.763   347.837   186.043   221.297   143.212   226.893   258.896   333.908   210.986
dd10m        1587297600  204    39.275    38.907   273.976    79.756   350.657    47.911    40.763    43.565    28.636    17.520    18.502    57.817   354.933   337.045   164.172     3.315   104.415    30.551    38.235     3.737   333.703
dd10m        1587319200  210    62.512    82.834   130.500    98.779    33.233    52.573    62.097    47.288    71.499    17.759    43.449   129.450    50.924   352.841   173.027   332.848   137.624   344.582    72.211    28.888    59.112
dd10m        1587340800  216   145.022   169.955   220.241   160.631   190.089   133.247   119.216    59.116   185.151   246.132   108.217   175.844   206.518   351.143   181.682   335.855   168.781   249.302   139.177   101.563   213.984
dd10m        1587362400  222   111.121   165.245   221.694   163.040   241.368    91.118   146.445    87.328   170.035   266.630   116.370   184.378     3.981    12.494   174.399    12.158   167.299   332.667   149.412   126.088   265.852
dd10m        1587384000  228    64.879    40.538   183.308   112.538    46.691    57.535   131.399    60.102   148.412   313.237    94.730   125.780    34.694    28.057   169.477    30.742   150.018     8.967   108.114   116.757     1.664
dd10m        1587405600  234    70.012    55.011    39.397    84.478    45.797    37.139   146.883    82.224   153.570   359.312    97.940   130.323    43.571    47.633   172.006    70.055   150.359    11.319   144.016   136.110     3.298
dd10m        1587427200  240    84.677   145.804   200.424   153.847    55.558    34.147   161.457   146.511   177.481     3.226   127.623   157.083    78.564    93.915   180.365   139.276   168.587   342.122   175.066   184.734   358.291
ff10m        1586584800    6     0.686     0.736     0.651     0.733     0.583     0.711     0.712     0.822     0.650     0.716     0.798     0.750     0.690     0.745     0.626     0.665     0.692     0.658     0.648     0.618     0.672
ff10m        1586606400   12     1.666     1.725     1.724     1.569     1.455     1.680     1.668     1.729     1.794     1.486     1.594     1.669     1.794     1.629     1.624     1.642     1.498     1.521     1.794     1.646     1.440
ff10m        1586628000   18     1.257     1.412     1.349     1.203     1.174     1.230     1.232     1.324     1.338     1.199     1.201     1.278     1.253     1.246     1.186     1.238     1.155     1.238     1.338     1.271     1.128
ff10m        1586649600   24     2.138     2.219     2.171     2.116     2.161     2.105     2.166     2.142     2.192     2.139     2.091     2.194     2.085     2.117     2.176     2.073     2.115     2.054     2.164     2.089     2.049
ff10m        1586671200   30     2.151     2.207     2.211     2.064     2.115     2.223     2.181     2.094     2.080     2.113     2.116     2.168     2.142     2.235     2.212     2.172     2.217     2.077     2.193     2.072     2.179
ff10m        1586692800   36     1.867     1.879     2.022     1.793     1.942     1.885     1.972     1.777     1.799     1.798     1.953     1.918     2.010     2.125     2.076     1.845     1.893     1.907     1.975     1.898     1.867
ff10m        1586714400   42     1.711     1.506     1.699     1.588     1.618     1.742     1.816     1.343     1.605     1.772     1.591     1.417     1.758     1.787     1.907     1.780     1.789     1.735     1.736     1.722     1.624
ff10m        1586736000   48     2.855     2.724     2.816     2.892     2.754     2.743     3.139     2.634     2.812     2.955     2.808     2.675     3.054     2.852     3.050     2.651     2.825     2.886     2.894     2.930     2.823
ff10m        1586757600   54     2.310     1.951     2.404     2.389     2.407     2.129     2.712     2.113     2.343     2.595     2.289     2.253     2.516     2.502     2.582     2.195     2.276     2.273     2.451     2.346     2.485
ff10m        1586779200   60     1.145     1.801     1.171     1.394     0.819     1.752     1.399     1.641     1.231     1.382     1.193     1.143     0.978     1.449     1.129     1.960     0.778     1.316     1.338     1.315     1.549
ff10m        1586800800   66     1.772     3.075     1.885     1.995     1.349     2.696     0.741     2.432     1.773     0.787     1.544     1.994     1.382     1.322     0.634     2.608     0.930     1.987     1.433     2.314     1.587
ff10m        1586822400   72     2.532     2.598     2.438     3.304     2.468     2.977     1.271     2.461     2.104     1.824     1.987     1.815     2.956     1.173     1.699     2.505     0.471     2.589     2.429     2.540     2.617
ff10m        1586844000   78     3.004     3.161     2.866     2.134     2.897     2.998     3.641     2.863     2.251     3.811     3.256     2.265     2.797     2.978     2.888     3.085     1.817     2.960     3.138     1.585     2.814
ff10m        1586865600   84     3.135     3.104     2.721     2.490     2.895     2.924     4.067     3.323     1.992     3.914     3.388     2.749     3.210     2.969     3.117     3.311     2.950     3.359     3.224     2.860     3.283
ff10m        1586887200   90     2.185     2.381     1.954     2.145     2.125     2.232     2.598     2.278     1.860     2.333     2.732     1.976     2.159     1.980     2.244     2.462     2.462     2.255     2.568     2.024     2.393
ff10m        1586908800   96     1.784     1.434     1.672     1.886     1.645     2.172     1.250     0.779     1.974     1.756     0.930     1.645     2.056     1.501     1.554     1.801     2.074     1.873     1.297     2.237     1.207
ff10m        1586930400  102     1.640     1.295     1.356     1.430     1.513     1.554     1.610     0.833     1.676     1.690     0.882     1.761     1.689     0.801     1.013     1.808     1.784     1.469     0.902     2.354     1.712
ff10m        1586952000  108     1.070     2.140     0.530     2.073     0.712     0.438     2.346     1.276     1.467     1.411     2.034     1.007     1.206     0.216     1.810     1.137     1.121     1.379     1.458     1.201     1.358
ff10m        1586973600  114     1.596     1.532     1.121     2.131     1.539     1.406     2.244     1.774     1.711     1.911     2.166     1.645     1.815     1.744     1.720     1.582     1.740     1.819     1.366     1.448     1.717
ff10m        1586995200  120     1.972     2.092     1.383     2.861     1.769     1.917     2.933     1.672     2.505     2.312     2.732     1.925     2.050     1.741     2.270     2.243     2.380     2.691     1.721     2.431     2.726
ff10m        1587016800  126     1.604     1.737     0.619     3.093     1.606     1.751     3.103     0.389     2.648     1.932     2.262     1.642     1.623     0.684     1.872     2.190     2.272     2.828     0.876     2.878     2.743
ff10m        1587038400  132     0.738     0.492     1.111     0.888     1.600     1.475     1.052     1.482     1.258     0.409     0.101     0.182     0.520     1.951     0.632     0.943     0.795     0.952     1.732     2.007     1.294
ff10m        1587060000  138     1.312     0.649     1.351     0.789     1.398     1.502     0.696     1.213     0.190     1.239     0.943     0.900     1.621     1.541     1.184     0.379     0.545     0.533     1.312     1.434     1.088
ff10m        1587081600  144     1.992     1.454     2.373     1.489     1.728     1.762     2.025     2.004     0.812     1.469     0.918     1.302     2.215     3.045     2.101     1.127     1.530     1.688     1.829     2.261     2.236
ff10m        1587103200  150     1.694     1.317     2.073     1.349     0.959     1.415     0.692     1.416     0.863     0.865     0.868     1.520     2.170     2.555     1.681     0.789     0.745     0.780     1.642     1.577     1.945
ff10m        1587124800  156     1.114     3.250     0.257     1.200     1.368     1.680     1.397     1.226     1.529     1.879     1.398     2.047     1.459     0.473     0.954     2.079     2.011     1.265     1.419     1.579     1.623
ff10m        1587146400  162     1.328     2.408     1.015     1.712     0.780     1.772     1.145     0.783     1.459     1.617     1.517     2.005     1.076     1.465     0.905     1.722     1.404     1.445     1.571     1.430     1.387
ff10m        1587168000  168     2.318     0.731     2.103     0.735     1.962     2.232     1.918     1.737     2.232     1.142     2.017     2.496     1.977     1.934     2.122     1.936     0.258     2.235     2.183     2.409     2.098
ff10m        1587189600  174     1.721     0.512     1.703     0.908     1.107     1.625     1.092     1.147     1.312     0.416     1.762     2.496     0.399     1.048     1.457     1.776     0.868     1.929     2.298     2.010     1.491
ff10m        1587211200  180     0.297     1.462     1.852     3.377     0.199     2.023     2.106     3.655     1.374     2.367     0.508     1.467     2.149     1.106     0.902     1.040     1.851     0.778     1.121     0.986     1.431
ff10m        1587232800  186     0.799     0.641     1.335     2.315     0.935     1.930     1.999     3.021     1.579     1.867     0.683     1.725     1.937     1.774     1.439     1.027     1.889     1.447     1.162     0.920     1.595
ff10m        1587254400  192     1.458     0.322     2.528     1.559     1.678     1.795     0.366     2.958     1.940     2.022     0.906     2.654     2.549     2.661     1.887     1.859     1.389     2.670     2.023     1.155     2.653
ff10m        1587276000  198     0.309     0.424     2.088     1.016     0.510     0.824     1.261     3.285     1.469     1.110     0.925     1.627     1.503     2.735     2.020     1.310     1.559     1.413     0.686     0.721     1.755
ff10m        1587297600  204     2.611     2.597     0.736     2.529     1.678     2.670     2.675     3.264     1.293     1.005     3.029     1.710     1.792     3.324     2.261     1.524     1.764     0.721     2.152     2.542     0.888
ff10m        1587319200  210     1.554     1.722     0.986     1.905     1.275     1.815     2.169     2.669     1.363     1.043     2.304     1.653     1.436     3.597     2.544     0.959     2.078     1.044     1.286     2.014     0.676
ff10m        1587340800  216     1.335     1.861     1.726     2.529     0.687     1.165     1.660     1.768     1.916     1.431     1.432     2.802     0.933     1.934     3.167     1.921     2.942     0.639     1.223     0.788     1.293
ff10m        1587362400  222     1.385     1.119     0.842     2.047     0.610     1.544     2.089     1.705     2.064     1.584     2.046     2.267     0.503     1.973     3.102     2.301     2.614     1.175     1.584     1.335     0.918
ff10m        1587384000  228     3.118     2.649     0.244     2.300     1.452     3.438     2.747     3.759     2.490     2.847     3.302     1.762     2.711     2.087     3.868     2.574     2.756     2.714     2.502     2.196     1.758
ff10m        1587405600  234     2.811     2.125     0.439     2.156     1.454     2.658     2.906     2.555     2.273     4.051     3.010     1.847     2.062     1.796     3.033     2.043     2.267     1.788     2.191     1.733     2.454
ff10m        1587427200  240     1.883     1.751     1.322     1.656     0.321     2.609     3.850     3.155     2.798     3.167     3.272     2.106     0.689     1.279     2.993     2.177     2.768     1.581     3.063     2.098     1.988
apcpsfc      1586584800    6     0.000     0.000     0.000     0.000     0.000     0.000     0.000     0.000     0.000     0.000     0.000     0.000     0.000     0.000     0.000     0.000     0.000     0.000     0.000     0.000     0.000
apcpsfc      1586606400   12     0.079     0.120     0.068     0.067     0.107     0.077     0.074     0.062     0.040     0.079     0.100     0.100     0.113     0.135     0.089     0.069     0.074     0.033     0.048     0.074     0.048
apcpsfc      1586628000   18     0.558     0.552     0.422     0.598     0.734     0.439     0.609     0.466     0.291     0.639     0.512     0.629     0.595     0.471     0.588     0.545     0.567     0.371     0.433     0.446     0.545
apcpsfc      1586649600   24     0.266     0.209     0.222     0.275     0.467     0.194     0.277     0.126     0.122     0.243     0.296     0.195     0.242     0.344     0.307     0.301     0.323     0.231     0.222     0.290     0.275
apcpsfc      1586671200   30     0.498     0.418     0.402     0.375     0.824     0.659     0.401     0.535     0.367     0.332     0.479     0.327     0.328     0.376     0.443     0.575     0.290     0.397     0.445     0.492     0.349
apcpsfc      1586692800   36     0.423     0.365     0.369     0.492     0.676     0.585     0.367     0.650     0.595     0.466     0.592     0.540     0.357     0.317     0.289     0.399     0.226     0.614     0.375     0.585     0.630
apcpsfc      1586714400   42     1.115     1.128     1.038     0.888     1.761     1.468     0.895     1.150     1.247     1.021     1.089     1.302     0.853     1.184     0.817     0.810     0.725     0.976     0.971     0.776     1.430
apcpsfc      1586736000   48     0.632     0.836     0.839     0.555     0.555     0.584     0.405     0.744     0.406     0.448     0.550     0.756     0.387     0.611     0.636     0.898     0.477     0.946     0.677     0.484     0.515
apcpsfc      1586757600   54     0.593     0.643     0.435     0.263     0.539     0.949     0.070     0.444     0.063     0.103     0.778     0.642     0.167     0.107     0.025     0.950     0.441     0.428     0.389     0.163     0.053
apcpsfc      1586779200   60     0.385     0.899     0.284     0.279     0.301     0.750     0.168     0.799     0.392     0.061     0.556     0.297     0.121     0.266     0.078     0.834     0.185     0.534     0.365     0.276     0.259
apcpsfc      1586800800   66     1.589     4.666     1.762     1.473     1.092     4.097     0.662     4.416     1.789     0.542     1.750     1.864     0.827     1.486     0.491     4.048     0.853     2.318     1.979     2.791     1.518
apcpsfc      1586822400   72     2.891     2.261     2.292     4.676     1.972     2.693     1.472     2.518     1.255     1.611     2.346     3.614     3.088     0.650     1.623     2.533     0.544     2.670     4.259     4.496     4.151
apcpsfc      1586844000   78     0.519     0.244     0.471     0.545     0.593     0.619     5.619     0.397     0.148     2.002     0.681     0.401     1.073     0.393     0.970     0.707     0.025     0.371     0.646     0.371     0.932
apcpsfc      1586865600   84     0.170     0.000     0.122     0.000     0.074     0.122     0.994     0.100     0.074     0.249     0.275     0.074     0.048     0.387     0.122     0.244     0.472     0.064     0.196     0.015     0.148
apcpsfc      1586887200   90     0.000     0.000     0.000     0.000     0.000     0.000     0.000     0.000     0.096     0.000     0.000     0.000     0.000     0.000     0.000     0.000     0.148     0.000     0.000     0.000     0.000
apcpsfc      1586908800   96     0.000     0.000     0.000     0.122     0.000     0.000     0.000     0.000     0.445     0.000     0.000     0.000     0.000     0.000     0.000     0.000     0.000     0.000     0.000     0.170     0.000
apcpsfc      1586930400  102     0.048     0.000     0.254     0.153     0.000     0.000     0.000     0.000     0.175     0.000     0.000     0.129     0.026     0.079     0.096     0.000     0.000     0.100     0.000     0.244     0.000
apcpsfc      1586952000  108     0.000     0.000     0.127     0.100     0.000     0.000     0.000     0.000     0.120     0.000     0.000     0.100     0.000     0.000     0.155     0.000     0.048     0.201     0.000     0.098     0.000
apcpsfc      1586973600  114     0.170     0.000     0.440     0.196     0.000     0.048     0.000     0.000     0.418     0.000     0.000     0.147     0.000     0.003     0.208     0.171     0.074     0.166     0.000     0.256     0.010
apcpsfc      1586995200  120     0.000     0.000     0.000     0.000     0.000     0.000     0.000     0.000     0.000     0.000     0.000     0.003     0.000     0.000     0.010     0.000     0.005     0.000     0.000     0.000     0.000
apcpsfc      1587016800  126     0.000     0.000     0.000     0.000     0.000     0.000     0.000     0.000     0.000     0.000     0.000     0.000     0.000     0.000     0.000     0.000     0.000     0.011     0.000     0.000     0.000
apcpsfc      1587038400  132     0.000     0.010     0.000     0.096     0.026     0.053     0.000     0.000     0.096     0.000     0.000     0.000     0.026     0.010     0.000     0.000     0.000     0.000     0.000     0.334     0.000
apcpsfc      1587060000  138     0.053     0.234     0.509     1.214     0.772     0.571     0.000     0.000     1.761     0.000     0.096     1.071     0.311     0.093     0.048     1.003     0.334     0.361     0.000     2.524     0.170
apcpsfc      1587081600  144     0.000     0.057     0.000     0.000     0.000     0.000     0.000     0.000     0.372     0.000     0.000     0.074     0.000     0.000     0.000     0.660     0.143     0.020     0.000     0.122     0.000
apcpsfc      1587103200  150     0.000     0.000     0.000     0.000     0.153     0.000     0.000     0.000     0.000     0.000     0.000     0.000     0.000     0.000     0.000     0.000     0.000     0.000     0.000     0.000     0.000
apcpsfc      1587124800  156     0.000     0.108     0.000     0.000     0.582     0.000     0.000     0.191     0.318     0.000     0.000     0.000     0.000     0.000     0.074     0.000     0.339     0.024     0.053     0.175     0.000
apcpsfc      1587146400  162     0.409     1.570     2.131     0.010     3.069     0.081     0.048     3.677     1.847     0.000     0.000     0.514     0.096     0.014     2.015     0.143     2.217     2.801     0.179     1.495     0.100
apcpsfc      1587168000  168     0.143     0.201     0.810     0.000     0.048     0.000     0.000     5.124     0.196     0.000     0.000     0.000     0.000     0.033     2.039     0.096     0.493     3.168     0.000     0.048     0.000
apcpsfc      1587189600  174     0.048     0.000     0.000     0.000     0.000     0.000     0.000     0.298     0.061     0.000     0.000     0.000     0.010     0.163     0.410     0.657     0.027     0.430     0.000     0.000     0.000
apcpsfc      1587211200  180     0.163     0.000     0.195     0.000     0.015     0.000     0.843     0.681     0.781     0.000     0.000     0.000     0.063     1.131     2.223     3.311     0.252     1.436     0.048     0.119     0.179
apcpsfc      1587232800  186     3.473     1.761     0.849     0.053     1.413     0.074     2.104     1.986     3.818     0.000     3.078     0.000     1.608    10.591    15.111     9.931     2.564    10.332     2.925     1.926     0.492
apcpsfc      1587254400  192     1.010     0.509     0.000     0.000     0.106     0.010     0.096     3.398     0.406     0.000     0.897     0.057     0.012    16.592     8.437     1.690     0.822     4.041     2.447     1.229     0.000
apcpsfc      1587276000  198     0.041     0.003     0.000     0.047     0.000     0.026     0.000     0.636     0.000     0.000     0.000     0.000     0.000     6.755     3.009     0.000     0.007     2.350     0.909     0.041     0.026
apcpsfc      1587297600  204     0.370     0.000     0.434     0.238     0.966     0.183     0.025     0.385     1.043     0.000     0.017     0.252     0.420     0.758     1.968     1.487     0.412     3.324     2.213     0.735     0.158
apcpsfc      1587319200  210     1.528     0.121     2.619     1.884     1.316     0.632     1.301     0.271     1.756     0.338     0.122     2.205     3.058     0.805     3.627     6.617     2.064     7.808     4.876     0.945     1.571
apcpsfc      1587340800  216     0.166     0.081     0.337     0.445     0.061     0.119     0.669     0.173     0.868     0.273     0.026     0.122     0.318     0.950     0.150     9.734     0.199     2.406     1.110     0.055     0.331
apcpsfc      1587362400  222     0.071     0.039     0.000     0.016     0.000     0.292     0.812     0.034     0.008     0.568     0.010     0.024     0.000     0.198     0.086     1.284     0.007     0.062     0.100     0.000     0.024
apcpsfc      1587384000  228     0.627     0.054     0.669     0.020     0.897     0.298     4.810     0.345     0.557     3.958     0.538     0.510     0.884     0.264     0.228     1.192     0.404     1.531     3.184     0.000     3.602
apcpsfc      1587405600  234     0.923     0.186     3.830     0.061     4.898     0.358    12.349     1.573     1.384     6.564     1.722     1.685     3.548     1.131     0.447     3.266     0.730     3.558     4.814     0.282    13.702
apcpsfc      1587427200  240     0.145     0.361     1.027     0.282     3.881     0.179     3.898     3.225     0.191     0.984     2.517     0.954     0.598     0.032     0.502     1.285     0.041     0.431     0.158     0.012     6.466
tmp2m        1586584800    6   275.542   275.703   275.528   275.561   275.696   275.578   275.598   275.359   275.260   275.534   275.607   275.565   275.577   275.620   275.554   275.577   275.452   275.409   275.500   275.594   275.653
tmp2m        1586606400   12   282.874   282.282   282.820   283.064   282.939   282.878   282.787   282.757   282.696   283.236   282.564   282.679   282.431   282.292   282.810   282.749   282.882   283.020   282.770   282.878   283.099
tmp2m        1586628000   18   277.768   277.792   277.758   277.880   277.865   277.749   277.786   277.650   277.513   277.851   277.778   277.789   277.702   277.737   277.761   277.810   277.759   277.668   277.733   277.840   277.943
tmp2m        1586649600   24   275.946   275.719   276.047   275.922   276.203   275.784   275.806   275.680   275.210   275.824   275.980   275.756   275.841   276.084   275.900   275.957   276.150   275.747   275.966   275.873   276.295
tmp2m        1586671200   30   276.787   276.832   276.956   276.825   276.824   276.868   276.925   276.764   276.903   276.790   276.873   276.760   276.746   276.729   276.838   276.735   276.887   276.912   276.899   276.947   276.899
tmp2m        1586692800   36   284.079   284.067   284.203   284.084   283.767   283.797   284.312   283.610   283.667   283.954   283.857   283.877   284.272   283.950   284.135   284.095   284.311   283.636   284.246   283.846   283.884
tmp2m        1586714400   42   277.394   276.787   277.480   277.076   277.275   277.630   277.664   276.804   277.388   277.458   277.611   277.066   277.267   277.411   277.545   277.521   277.597   277.502   277.601   277.556   277.272
tmp2m        1586736000   48   274.677   274.349   274.924   274.788   274.690   274.646   274.411   274.648   274.906   274.353   274.812   274.585   274.515   274.908   274.691   274.838   274.675   274.414   274.746   274.803   274.786
tmp2m        1586757600   54   275.472   275.722   275.415   275.539   275.319   275.233   275.324   275.396   275.570   275.140   275.524   275.437   275.286   275.310   275.372   275.422   275.369   275.375   275.563   275.735   275.345
tmp2m        1586779200   60   284.737   284.460   284.280   284.563   284.920   284.098   282.205   284.410   284.501   284.347   284.047   285.632   284.262   283.809   284.115   283.811   284.461   284.976   283.159   284.862   283.754
tmp2m        1586800800   66   277.592   276.920   277.497   277.260   277.417   276.989   276.873   276.955   277.497   276.407   277.431   277.788   277.004   277.140   276.690   277.107   276.883   277.328   277.164   277.471   277.384
tmp2m        1586822400   72   275.202   273.121   275.213   274.264   275.535   274.062   274.920   274.157   274.773   275.273   275.071   275.555   275.168   274.107   275.067   274.629   273.746   274.584   274.863   274.542   275.069
tmp2m        1586844000   78   273.322   270.537   273.436   271.360   273.759   271.777   272.858   272.328   273.562   273.454   273.708   274.089   272.188   274.432   273.950   272.280   274.964   272.605   273.071   272.280   272.779
tmp2m        1586865600   84   278.819   277.514   280.218   278.633   280.356   277.777   274.796   277.433   281.691   276.653   277.912   280.137   278.580   278.326   279.702   277.639   279.988   278.651   278.082   279.902   278.157
tmp2m        1586887200   90   272.941   272.112   274.082   273.044   273.886   271.986   269.149   272.019   275.798   271.213   272.339   274.656   272.819   273.210   273.617   271.816   275.088   272.698   272.783   274.002   272.365
tmp2m        1586908800   96   270.897   268.990   272.856   273.606   272.141   270.103   263.988   269.011   274.658   269.186   268.282   272.893   272.691   271.267   271.283   268.523   271.700   271.097   268.981   274.140   268.614
tmp2m        1586930400  102   275.045   273.795   275.223   274.640   275.032   274.573   270.139   273.630   275.205   273.330   273.417   275.506   275.598   274.533   274.668   274.157   274.860   275.441   273.543   275.290   273.494
tmp2m        1586952000  108   285.633   284.111   284.674   283.227   287.001   286.011   281.976   285.561   283.112   285.697   285.628   283.243   287.034   286.060   282.515   285.773   284.950   282.658   285.088   284.025   284.884
tmp2m        1586973600  114   277.318   275.207   277.671   277.977   278.067   276.449   275.453   275.712   278.651   277.267   276.892   278.460   278.877   276.486   277.400   277.289   277.331   278.204   276.475   278.473   276.943
tmp2m        1586995200  120   274.618   273.853   274.528   274.536   275.150   274.606   272.224   273.213   274.934   273.841   274.216   275.206   275.258   274.274   274.248   273.864   275.034   275.439   273.653   274.348   273.977
tmp2m        1587016800  126   277.027   276.972   277.552   275.747   277.898   277.614   274.471   276.625   276.062   276.724   276.493   277.105   278.273   277.699   276.297   275.889   276.493   276.325   276.609   276.495   276.339
tmp2m        1587038400  132   288.157   288.033   288.374   286.639   287.717   286.654   285.896   288.575   286.589   289.711   288.982   288.640   287.932   288.104   287.646   287.044   287.061   287.701   287.362   285.932   287.658
tmp2m        1587060000  138   279.455   278.755   279.681   279.097   280.294   278.847   275.784   279.286   280.011   279.216   278.878   280.635   280.511   280.685   278.953   278.664   279.597   280.227   279.482   280.336   279.091
tmp2m        1587081600  144   276.338   276.139   277.038   275.380   277.204   275.689   274.053   276.518   275.023   276.118   275.475   276.169   276.761   276.589   276.195   276.545   275.974   276.454   276.315   276.553   276.434
tmp2m        1587103200  150   279.037   278.652   279.026   279.256   280.220   279.386   278.247   278.864   279.367   280.225   279.882   279.764   279.161   278.450   278.667   278.602   279.033   279.942   278.749   278.968   278.972
tmp2m        1587124800  156   290.996   287.051   290.078   290.811   288.231   290.320   289.113   288.028   287.104   291.126   290.709   289.900   289.455   291.591   288.253   288.039   286.989   289.122   288.307   288.646   289.616
tmp2m        1587146400  162   282.276   279.936   282.001   281.491   281.394   281.009   279.799   281.126   281.699   281.559   281.323   282.708   282.510   282.904   281.139   280.531   280.037   282.117   281.701   282.227   282.176
tmp2m        1587168000  168   279.043   275.651   279.554   276.369   278.125   278.251   276.486   279.108   278.565   277.171   277.515   278.570   279.143   278.885   278.867   277.565   274.708   279.390   277.333   278.402   278.016
tmp2m        1587189600  174   280.566   278.577   280.820   280.014   280.636   279.893   280.287   278.190   279.553   281.327   280.063   280.325   281.493   280.900   279.637   279.118   279.310   280.463   279.592   279.958   280.793
tmp2m        1587211200  180   290.643   289.369   290.143   288.277   291.577   290.452   288.098   284.479   289.531   290.889   291.202   290.403   290.378   288.934   285.778   284.268   287.980   287.129   288.245   289.738   291.071
tmp2m        1587232800  186   282.962   280.351   283.582   281.435   282.413   283.275   281.409   278.720   282.633   282.338   282.429   283.824   283.890   282.482   280.825   280.454   280.030   282.268   281.283   282.843   283.013
tmp2m        1587254400  192   279.517   275.554   280.213   275.981   278.282   278.419   275.901   276.036   278.284   278.512   277.726   279.659   279.850   280.488   278.878   277.469   275.297   280.139   278.722   278.812   279.811
tmp2m        1587276000  198   282.217   280.177   281.546   278.955   281.598   281.153   280.218   275.922   280.584   281.572   280.991   281.695   281.951   279.990   279.975   279.766   278.799   281.532   280.841   282.125   282.002
tmp2m        1587297600  204   289.535   289.400   291.576   287.416   289.268   289.040   288.452   281.039   289.216   292.608   289.410   291.478   291.595   283.353   285.820   287.615   288.902   287.519   287.080   289.459   292.331
tmp2m        1587319200  210   282.585   281.027   283.899   281.297   282.942   282.001   281.222   277.625   282.924   283.479   282.359   285.593   284.926   278.794   282.448   281.503   282.649   282.980   282.418   283.633   284.115
tmp2m        1587340800  216   277.850   277.800   279.987   277.650   277.832   276.133   275.939   274.827   278.807   278.853   275.371   282.260   279.112   274.417   279.414   278.994   278.882   278.259   278.016   278.283   280.421
tmp2m        1587362400  222   280.159   279.579   282.212   277.826   281.845   277.485   277.755   274.956   280.298   280.679   277.356   282.505   282.592   275.594   279.751   279.198   279.630   281.806   279.863   280.381   282.859
tmp2m        1587384000  228   286.328   287.300   291.772   287.733   288.387   283.972   283.613   282.109   288.050   285.230   283.786   290.265   289.813   282.520   286.822   283.550   287.162   287.508   286.713   291.450   287.047
tmp2m        1587405600  234   280.720   280.289   283.732   282.527   283.016   278.967   280.469   276.026   283.450   279.323   277.974   285.203   283.186   277.168   282.594   279.486   283.298   282.556   282.580   285.881   283.487
tmp2m        1587427200  240   275.321   275.472   278.997   277.624   278.567   274.362   278.326   274.445   279.038   275.127   274.539   280.856   276.097   273.403   279.454   276.761   278.386   280.017   277.669   281.435   281.480
tcdcclm      1586584800    6     0.239     0.239     0.261     0.156     0.437     0.152     0.220     0.419     0.170     0.114     1.006     0.622     0.506     0.500     0.647     0.477     0.448     0.312     0.114     0.717     0.356
tcdcclm      1586606400   12     1.538     3.134     1.511     1.405     2.304     1.355     2.184     1.363     1.227     1.364     3.122     1.792     2.557     3.128     1.883     1.847     1.823     1.572     1.494     2.123     1.564
tcdcclm      1586628000   18     4.755     4.506     4.379     4.632     5.594     4.491     4.130     4.643     4.605     4.242     5.495     5.156     4.491     4.190     4.612     4.242     4.293     4.588     4.573     5.009     4.503
tcdcclm      1586649600   24     4.217     3.653     4.515     4.341     5.358     3.865     4.205     3.926     3.358     4.406     4.841     4.262     4.586     4.910     4.373     4.763     4.968     5.052     4.651     5.184     4.773
tcdcclm      1586671200   30     5.514     5.425     5.462     5.012     5.569     5.437     5.504     5.425     5.290     5.196     5.391     5.381     5.064     5.161     5.360     5.620     5.110     5.670     5.548     5.447     5.289
tcdcclm      1586692800   36     2.636     2.049     1.730     3.067     3.819     3.374     1.632     3.768     3.773     2.672     2.898     3.121     1.798     1.561     1.223     2.339     0.855     3.955     1.747     3.899     2.889
tcdcclm      1586714400   42     2.476     1.266     2.032     2.704     4.377     2.419     1.584     2.525     3.685     1.648     3.919     3.342     1.229     3.354     1.780     2.360     1.867     3.147     3.014     3.977     4.290
tcdcclm      1586736000   48     5.526     4.593     6.106     6.172     6.215     5.049     3.145     5.567     5.598     4.168     5.706     5.577     4.476     6.591     4.971     6.301     5.792     5.811     5.845     5.453     6.025
tcdcclm      1586757600   54     6.699     6.319     6.090     6.911     6.177     5.883     4.733     6.105     6.818     4.982     6.830     6.449     5.748     5.944     6.321     6.922     5.748     6.502     6.557     6.547     6.713
tcdcclm      1586779200   60     5.649     3.897     4.222     4.668     3.557     4.328     7.410     3.160     5.073     4.455     6.629     4.417     4.816     4.233     5.004     4.027     4.970     2.716     6.893     5.746     5.711
tcdcclm      1586800800   66     6.015     5.669     5.987     6.112     6.609     6.176     7.418     5.292     5.427     5.716     5.974     4.828     6.357     5.330     6.140     4.966     5.101     3.954     6.987     6.586     5.915
tcdcclm      1586822400   72     6.957     6.289     6.490     7.130     7.195     6.756     7.927     6.862     5.853     7.475     6.594     6.944     7.024     3.826     7.241     7.052     6.938     6.368     7.352     6.999     6.768
tcdcclm      1586844000   78     6.162     5.497     6.826     6.380     6.385     5.803     7.815     5.963     5.011     7.737     6.650     7.347     6.823     5.010     7.345     7.303     6.364     5.823     6.377     5.405     7.257
tcdcclm      1586865600   84     3.047     2.476     3.144     1.575     3.036     3.036     5.246     3.513     3.521     4.313     5.178     2.978     2.642     6.241     3.364     3.458     6.529     3.493     3.971     1.910     2.757
tcdcclm      1586887200   90     0.119     0.220     0.334     0.334     0.494     0.059     1.135     0.237     1.864     0.292     0.534     0.762     0.160     1.711     0.290     0.080     3.243     0.178     0.139     1.523     0.157
tcdcclm      1586908800   96     0.216     0.178     0.743     2.927     0.300     0.199     1.835     0.321     5.293     0.223     2.372     1.540     0.541     0.560     0.881     0.373     0.380     0.185     0.199     3.111     0.160
tcdcclm      1586930400  102     2.377     1.608     4.995     4.654     3.013     2.952     0.160     0.581     4.777     1.095     0.518     4.907     5.004     3.186     3.315     2.981     0.547     3.204     0.515     5.222     0.233
tcdcclm      1586952000  108     3.011     2.888     3.094     3.512     1.484     2.351     0.038     2.918     2.695     0.543     1.616     3.666     1.834     1.917     4.317     1.554     2.756     4.920     0.794     1.345     0.084
tcdcclm      1586973600  114     5.011     3.124     6.038     5.124     3.882     3.399     0.021     1.745     5.242     0.868     0.735     5.260     3.097     2.540     4.892     5.064     5.119     5.236     3.271     3.582     1.629
tcdcclm      1586995200  120     3.055     1.088     3.186     1.852     1.426     1.200     0.118     0.124     1.886     0.142     0.696     1.855     0.342     1.972     2.341     0.763     2.607     4.418     1.950     0.822     0.196
tcdcclm      1587016800  126     1.146     3.365     1.463     4.725     1.295     0.917     0.160     0.153     1.125     0.067     1.719     3.601     3.221     2.858     1.422     0.439     2.541     2.790     2.839     0.059     2.312
tcdcclm      1587038400  132     4.241     1.589     4.536     5.037     5.385     5.061     4.641     0.116     0.797     3.490     4.881     5.881     6.782     1.881     4.322     5.325     4.144     3.792     5.280     2.518     5.077
tcdcclm      1587060000  138     4.907     5.094     4.029     4.770     5.660     4.389     6.672     2.833     3.887     3.224     5.578     6.227     2.332     1.861     5.967     5.779     3.957     5.588     7.511     5.311     7.098
tcdcclm      1587081600  144     1.733     6.348     1.583     1.512     6.398     1.780     1.816     5.743     3.207     3.026     1.084     1.657     1.447     2.240     5.201     4.918     2.070     2.918     7.438     3.614     7.270
tcdcclm      1587103200  150     2.757     1.470     5.294     3.718     6.722     4.247     0.059     4.369     1.923     1.205     3.714     0.217     3.883     1.166     6.598     3.130     0.921     3.559     5.100     4.922     6.587
tcdcclm      1587124800  156     3.526     1.495     4.794     5.158     4.872     5.956     0.153     5.512     5.666     0.093     5.490     2.370     5.897     3.945     5.857     3.190     4.372     6.367     3.348     6.099     5.382
tcdcclm      1587146400  162     5.048     2.327     6.520     3.477     3.836     4.630     2.420     6.751     6.718     1.053     6.179     3.441     3.369     5.081     6.349     6.627     5.818     6.767     5.910     6.142     1.613
tcdcclm      1587168000  168     5.862     4.506     6.946     3.849     4.594     5.919     0.799     7.427     6.606     3.778     5.124     4.218     5.336     5.934     5.913     5.635     2.429     6.791     4.280     3.518     3.116
tcdcclm      1587189600  174     6.839     4.789     5.190     5.926     6.450     6.178     2.699     5.293     5.624     5.943     3.207     4.740     7.063     4.666     5.749     4.859     4.454     5.573     6.174     4.612     3.774
tcdcclm      1587211200  180     5.982     3.705     5.594     2.118     4.976     3.392     4.875     4.274     3.475     3.483     5.559     6.920     7.126     4.896     5.621     6.516     3.663     6.402     7.396     6.451     3.911
tcdcclm      1587232800  186     6.405     2.465     6.532     3.936     4.845     2.883     4.396     6.200     5.532     2.744     7.052     6.539     6.385     6.685     7.282     7.365     3.520     7.334     7.676     7.638     5.278
tcdcclm      1587254400  192     6.757     0.527     6.736     2.729     3.697     3.284     0.422     7.752     4.389     4.341     6.054     5.552     5.850     7.915     7.668     6.942     0.457     7.083     7.098     7.135     5.449
tcdcclm      1587276000  198     4.257     3.362     6.765     2.169     5.049     2.328     0.067     6.676     3.438     5.734     4.551     6.731     4.772     7.699     6.969     5.539     0.191     6.646     5.115     5.953     6.610
tcdcclm      1587297600  204     2.807     3.228     5.903     0.823     2.352     3.249     0.108     5.807     2.221     5.887     0.600     4.955     2.012     5.755     6.186     5.593     0.839     5.431     5.616     5.244     4.784
tcdcclm      1587319200  210     2.778     0.178     5.045     1.988     3.509     1.186     1.005     3.644     4.192     1.569     0.636     5.119     2.716     1.619     5.909     6.282     2.805     5.943     6.077     3.313     5.467
tcdcclm      1587340800  216     0.896     0.596     1.320     2.965     2.094     1.521     0.457     3.700     3.020     4.606     0.282     6.738     0.872     4.665     5.521     7.220     1.448     6.847     4.193     1.804     4.927
tcdcclm      1587362400  222     1.275     2.026     2.208     1.934     4.652     1.155     2.153     2.129     4.691     2.589     0.562     5.422     0.168     5.730     5.438     6.295     3.473     3.232     1.312     1.172     6.350
tcdcclm      1587384000  228     1.687     1.753     1.206     1.355     5.671     1.841     3.603     2.893     2.856     5.368     1.836     4.887     0.151     5.632     6.320     5.074     3.908     3.333     1.680     0.218     6.882
tcdcclm      1587405600  234     0.944     1.202     3.018     3.777     6.027     1.748     6.585     5.449     3.897     6.522     2.331     6.325     0.502     3.601     7.125     4.573     4.471     3.652     5.000     1.763     7.278
tcdcclm      1587427200  240     1.204     2.207     1.228     2.296     6.342     3.564     5.975     7.040     3.382     6.561     4.058     6.242     0.433     3.655     6.819     5.406     2.771     4.528     1.293     1.963     7.654
