# ASCII output from GENSvis.py
# Contains interpolated values from the
# GFS ensemble on 1.000000 x 1.000000 degrees
# The data in here are for station
# 11120: INNSBRUCK
# Station position:  11.3553 47.2589
# Used grid point 1: 12.0000 48.0000
# Used grid point 2: 12.0000 47.0000
# Used grid point 3: 11.0000 47.0000
# Used grid point 4: 11.0000 48.0000
varname    timestamp    step mem0      mem1      mem2      mem3      mem4      mem5      mem6      mem7      mem8      mem9      mem10     mem11     mem12     mem13     mem14     mem15     mem16     mem17     mem18     mem19     mem20     
tmax2m       1587016800    6   274.664   274.738   274.526   274.712   274.552   274.621   274.490   274.490   274.859   274.543   274.647   274.750   274.664   274.773   274.664   274.681   274.681   274.581   274.690   274.590   274.590
tmax2m       1587038400   12   283.811   283.413   283.548   283.500   283.557   283.546   283.492   283.592   283.929   283.748   283.564   283.581   283.711   283.662   283.334   283.454   283.671   283.767   283.527   284.028   283.689
tmax2m       1587060000   18   283.907   283.801   284.050   283.568   284.002   283.929   283.719   284.024   284.007   283.833   283.971   283.649   283.754   283.928   283.969   284.088   283.651   283.811   283.792   283.863   283.664
tmax2m       1587081600   24   272.914   273.703   273.071   272.628   273.828   272.528   273.642   272.867   272.611   272.791   272.902   273.240   272.640   273.100   272.505   272.825   273.111   273.323   272.952   273.952   272.435
tmax2m       1587103200   30   276.829   276.881   276.700   276.813   276.907   276.903   276.677   276.813   276.887   276.856   276.856   276.720   276.839   276.855   276.839   276.970   276.878   276.896   276.777   276.664   276.794
tmax2m       1587124800   36   286.091   286.672   285.659   286.115   285.905   286.666   286.140   286.730   286.592   285.826   286.072   285.753   286.110   286.720   286.254   286.234   285.490   285.931   286.327   285.869   286.142
tmax2m       1587146400   42   286.960   286.607   286.562   287.070   286.344   287.471   286.106   287.282   287.418   286.972   287.179   286.545   286.953   287.315   287.496   286.582   286.310   286.843   287.337   287.084   287.324
tmax2m       1587168000   48   277.760   277.455   276.515   277.678   277.043   277.610   276.495   277.224   276.663   277.928   277.607   276.845   277.157   277.810   277.467   277.382   276.899   277.237   277.928   276.294   277.481
tmax2m       1587189600   54   278.333   278.187   278.250   278.176   278.401   278.264   278.184   278.321   278.435   278.099   278.323   277.855   278.229   278.157   278.341   278.080   278.068   278.285   278.282   278.395   278.271
tmax2m       1587211200   60   287.358   286.765   287.047   287.438   288.086   287.993   287.139   287.797   286.944   287.862   287.862   287.155   286.440   287.081   288.056   287.218   287.902   287.167   286.642   286.037   286.330
tmax2m       1587232800   66   287.045   286.944   286.858   287.129   287.649   287.531   287.037   287.393   286.492   287.545   287.740   286.982   286.727   286.730   287.492   286.987   287.805   287.212   286.483   286.143   286.922
tmax2m       1587254400   72   277.746   277.256   277.440   277.806   278.834   278.809   277.359   277.944   277.723   278.680   278.852   278.068   277.221   277.463   278.332   276.817   279.073   277.319   278.066   278.211   276.962
tmax2m       1587276000   78   278.733   278.709   278.433   278.637   279.276   278.750   278.475   278.450   278.315   278.875   279.047   278.684   277.858   278.503   278.821   278.386   279.128   279.098   279.058   277.733   278.555
tmax2m       1587297600   84   286.063   285.430   285.382   285.503   286.740   284.829   286.599   285.433   284.595   285.109   286.194   286.343   285.520   285.629   286.056   285.501   285.838   286.785   285.808   285.112   285.410
tmax2m       1587319200   90   286.249   285.395   285.344   285.560   286.546   284.479   286.605   285.463   284.701   285.345   286.547   286.343   285.791   286.033   285.941   285.443   285.731   286.880   285.745   285.597   285.602
tmax2m       1587340800   96   279.894   279.458   279.485   279.820   280.452   280.063   279.279   279.999   279.317   280.113   279.904   279.662   279.062   279.450   279.860   279.515   279.786   279.778   280.384   277.677   279.498
tmax2m       1587362400  102   278.230   276.944   277.828   278.355   278.900   277.866   278.494   278.484   277.427   277.668   279.273   278.409   277.734   278.334   278.243   277.529   277.980   278.664   278.572   276.851   277.578
tmax2m       1587384000  108   283.891   281.789   284.158   283.096   285.864   280.571   284.936   284.329   285.606   280.348   285.889   284.531   284.156   283.560   283.719   279.789   284.213   285.735   282.287   284.437   284.223
tmax2m       1587405600  114   283.342   282.503   283.646   283.018   285.345   279.938   285.177   284.163   285.280   279.976   285.458   284.322   283.736   283.188   283.470   279.539   284.108   286.319   282.086   284.523   284.418
tmax2m       1587427200  120   278.621   277.056   279.137   278.565   280.370   277.162   279.376   279.523   277.022   275.616   280.403   275.910   278.238   278.351   279.685   276.402   279.149   279.297   278.694   275.741   276.603
tmax2m       1587448800  126   275.880   274.859   276.044   275.052   278.812   274.530   276.987   276.868   275.551   273.145   277.790   273.193   275.520   274.377   276.995   273.647   276.511   277.051   276.509   273.544   274.915
tmax2m       1587470400  132   282.983   282.402   283.849   280.727   285.872   278.246   280.099   282.315   285.173   279.329   283.550   280.363   284.425   281.777   285.795   275.967   284.042   286.364   279.820   280.225   285.510
tmax2m       1587492000  138   283.165   282.569   283.793   280.953   285.888   278.667   279.784   282.454   285.707   279.546   282.841   279.699   284.620   282.308   285.478   276.378   284.088   286.925   279.791   279.437   286.318
tmax2m       1587513600  144   276.080   275.330   275.935   275.051   280.985   275.332   275.646   278.533   277.550   275.156   276.536   274.354   276.238   274.501   279.126   274.522   276.587   279.763   276.787   274.209   278.447
tmax2m       1587535200  150   274.274   273.167   274.399   271.944   277.576   271.887   272.162   275.132   277.060   272.452   273.542   270.982   274.743   273.190   275.922   271.017   274.169   278.917   273.822   270.690   278.228
tmax2m       1587556800  156   284.182   282.949   283.273   279.119   284.592   280.145   276.353   286.517   285.990   281.686   284.821   278.961   284.148   282.546   282.241   278.240   281.888   286.803   284.657   279.811   287.951
tmax2m       1587578400  162   284.049   283.205   283.399   279.113   284.704   280.767   276.622   286.893   286.235   282.139   284.539   279.313   284.100   282.605   282.061   278.517   281.864   286.545   285.314   280.280   288.251
tmax2m       1587600000  168   276.678   274.827   274.825   273.408   279.158   274.867   273.253   276.475   277.784   274.017   275.418   274.173   275.770   274.251   276.343   275.787   274.465   280.415   277.626   274.139   280.540
tmax2m       1587621600  174   274.241   273.476   273.506   270.823   276.299   272.098   270.890   276.934   276.942   274.064   275.661   271.764   275.204   272.676   273.294   273.087   271.764   279.440   277.019   271.883   277.841
tmax2m       1587643200  180   281.219   282.865   281.355   278.854   283.677   280.568   279.205   286.868   287.259   283.913   287.078   279.947   283.713   281.489   281.566   278.946   280.623   285.786   286.938   280.858   284.901
tmax2m       1587664800  186   281.109   283.060   281.501   278.822   283.483   281.141   279.939   286.750   287.275   283.987   287.203   279.753   284.067   281.828   281.258   279.054   281.014   285.743   286.866   280.573   285.005
tmax2m       1587686400  192   274.745   274.848   275.003   272.880   277.454   273.897   273.782   278.730   278.834   276.226   278.081   273.812   276.401   274.384   276.069   275.881   273.279   280.434   278.370   273.626   277.441
tmax2m       1587708000  198   273.945   274.017   275.712   272.775   276.387   272.672   273.640   277.719   278.599   276.520   277.544   272.135   271.938   274.289   275.482   274.217   272.400   279.514   275.502   273.413   272.455
tmax2m       1587729600  204   281.934   281.247   284.878   280.613   284.377   279.429   282.446   285.521   283.587   282.934   279.902   279.612   279.194   282.645   283.925   280.534   277.479   285.507   276.813   278.532   282.353
tmax2m       1587751200  210   282.160   281.274   285.275   280.807   284.069   279.270   282.477   285.663   283.288   282.413   279.284   279.847   279.592   282.307   284.481   281.378   277.877   286.067   277.280   277.493   283.305
tmax2m       1587772800  216   275.998   274.525   276.992   274.008   277.935   273.338   275.707   279.636   279.360   277.359   275.928   272.849   274.140   275.796   275.556   275.051   271.093   280.426   272.327   274.548   275.225
tmax2m       1587794400  222   273.696   272.440   276.164   271.523   275.880   270.377   275.030   278.254   277.390   275.836   273.307   273.969   273.926   272.688   275.742   275.977   268.951   277.345   269.864   273.230   274.795
tmax2m       1587816000  228   282.633   281.853   287.765   274.516   281.378   277.880   284.859   282.581   276.118   284.337   272.069   276.887   285.554   275.298   284.387   280.927   278.090   277.922   276.598   277.041   285.594
tmax2m       1587837600  234   282.893   282.220   287.896   275.295   281.178   278.422   284.616   283.175   275.647   284.264   271.969   276.559   286.155   275.447   284.406   281.126   278.742   277.792   276.319   277.553   286.308
tmax2m       1587859200  240   274.456   275.570   279.125   273.399   277.562   272.343   277.895   279.252   273.258   279.616   270.248   273.510   274.853   271.028   276.798   277.594   271.715   275.735   269.684   275.568   275.550
dd10m        1587016800    6   211.762   214.307   212.972   211.435   211.170   212.379   211.771   213.217   209.670   212.988   211.109   209.254   210.224   210.383   210.126   214.886   210.825   212.643   209.969   211.656   211.411
dd10m        1587038400   12   279.912   290.752   288.060   273.107   288.359   282.840   284.445   295.846   274.795   272.124   275.580   279.375   283.318   273.961   277.625   284.500   282.299   277.412   273.616   275.026   281.223
dd10m        1587060000   18     4.773     0.718     1.306     2.555     4.369     2.698   357.305     8.648    14.453     1.038     3.559     6.441     6.079     6.619     8.193     9.779     0.888     3.534     3.259   353.959   359.900
dd10m        1587081600   24   229.680   257.859   235.856   222.294   231.010   234.859   274.056   216.458   214.276   239.287   242.370   230.958   218.322   239.804   214.045   214.001   240.642   225.825   227.634   261.187   248.875
dd10m        1587103200   30   224.612   232.707   236.147   219.220   244.917   207.849   240.729   203.981   212.170   231.970   227.760   245.427   218.074   210.498   217.927   225.149   238.831   227.871   208.117   242.871   221.850
dd10m        1587124800   36   340.079   341.846   340.443   326.144   336.750   338.630   345.991   337.922   326.167   349.544   344.274   351.504   334.661     1.659   348.894   333.121   332.976   334.973   352.784   335.073   348.873
dd10m        1587146400   42    30.143    28.126    28.381    17.483    27.709    30.876    34.711    26.550    33.271    31.149    26.883    17.407    24.032    31.705    37.787    17.632    25.166    31.044    17.485    21.616    26.445
dd10m        1587168000   48   229.691   227.477   215.549   229.146   206.290   225.142   213.070   241.113   220.670   235.379   231.016   247.648   225.090   236.260   213.786   252.693   219.016   223.452   236.531   224.834   237.153
dd10m        1587189600   54   255.664   273.245   254.688   221.824   223.377   243.862   254.775   262.546   271.975   264.023   276.718   268.473   264.224   269.999   225.037   273.135   232.565   252.863   272.747   276.737   272.900
dd10m        1587211200   60   337.549   335.649   329.474   331.778   333.277   279.381   335.737   314.153   321.770   325.749    12.113     5.184   317.692   339.288   339.882   320.145   347.319   320.888   343.639   339.554   325.501
dd10m        1587232800   66    37.902    11.383    25.027    38.156    56.515     1.053    27.986    10.708   356.287    54.993    58.251    61.775   357.396    16.387    55.617     8.329    76.014    32.911    54.604     2.885    11.728
dd10m        1587254400   72   224.421   219.254   238.866   239.916   209.090   215.807   244.073   239.983   253.614   204.408   203.692   197.301   271.199   245.356   218.350   246.030   219.970   223.375   211.797   276.802   233.297
dd10m        1587276000   78   318.844   313.487   309.682   321.987   247.088   322.454   332.829   303.982   318.728   261.489   341.464    35.531   330.689   348.885   298.223   304.195   313.340   344.272   285.517   343.014   326.424
dd10m        1587297600   84    19.737    12.672    24.204    15.225     8.576    18.487    22.696     7.560    11.038     7.137    38.488    55.079    23.993    39.317   355.993   349.681     6.595    40.369    53.973    33.851    23.095
dd10m        1587319200   90    52.270    45.745    59.933    58.478    64.996    48.531    71.950    72.167    51.436    36.349    83.312    89.699    59.368    80.076    50.623    38.205    49.516    69.464    79.750    60.707    52.191
dd10m        1587340800   96   133.636   105.190   130.739   140.430   151.877   109.042   154.687   139.844   105.434    86.267   155.045   147.231   120.549   147.762   128.785   103.863   128.948   139.492   151.689   107.539   109.111
dd10m        1587362400  102   135.553    85.901   137.024   147.999   165.049   114.721    82.473   149.712   122.776    89.159   164.132   100.323   119.159   150.135   143.284   110.727   131.430   149.012   144.197    77.759    94.204
dd10m        1587384000  108    80.912    75.076    89.488    85.984   156.101    79.094    87.307   113.524    56.999    57.835    76.970    49.408    77.180    73.654   108.205    76.846    91.851    80.350   105.747    46.860    54.874
dd10m        1587405600  114    83.132    76.369    96.696    73.584   187.128    79.416    88.422   110.444    77.637    54.190    83.483    61.161    79.850    68.605   117.863    61.162    93.248    90.648    93.040    75.701    65.294
dd10m        1587427200  120   103.674   105.981   123.888    82.918   159.821    99.179   129.883   149.332   130.032    95.579   117.746   107.976   128.059    68.081   150.107    89.687   118.648   144.039   115.648   110.190   129.396
dd10m        1587448800  126    73.513    92.477    83.105    81.969   137.689    98.432   118.939   104.792    91.785   105.288    86.864    87.685   104.580    58.687   141.976   103.007    89.316   150.317   103.201   106.154   137.298
dd10m        1587470400  132    78.876    85.862    63.760    79.586   131.526    91.251    82.908    99.620    94.046   101.334    86.741    96.846    73.421    67.587   116.612   100.969    71.225   140.671   101.394   109.288   114.477
dd10m        1587492000  138    99.064    88.123    72.617    82.722   140.063    99.218    88.688   118.366   100.142   105.929   100.936   106.188    61.312    74.626   107.275   104.306    78.996   152.464   127.575   127.497   119.088
dd10m        1587513600  144   155.069   133.662   111.576   128.312   162.558   128.064   118.562   157.451   174.479   153.887   155.175   144.990   160.494   113.378   162.108   133.673   140.237   201.284   162.682   151.295   188.349
dd10m        1587535200  150   153.885   113.413    90.153    75.824   151.322   118.880    96.337   162.374   292.859   140.402   168.054   146.217    31.178   120.165    76.649   140.761    60.643   280.681   171.659   155.057   267.270
dd10m        1587556800  156    57.093    56.878    68.843    62.290   137.295    82.698    86.606   111.474    28.431    91.622    38.468    95.671    39.493    57.967    72.752   113.050    48.801     1.341   146.991   127.571   345.061
dd10m        1587578400  162    67.385    51.741    70.134    67.427   146.200    80.148    87.864    68.986    33.103    87.524    36.158    98.563    46.416    61.311    80.811   121.564    37.449    34.597   157.440   132.400   352.226
dd10m        1587600000  168   200.959   144.864   151.034    98.316   169.580   151.057   127.239   316.469    27.179   183.797   237.038   161.677   181.956   145.115   141.439   164.557    55.970   170.300   202.112   175.959   343.141
dd10m        1587621600  174   359.333     5.876    93.143    43.415   170.337    50.353   113.234   339.883   322.289   254.151   270.798   159.327   355.997    34.834   149.927   175.103    35.833   318.663   223.724   175.111   342.565
dd10m        1587643200  180    32.824    15.057    63.295    35.081   108.424    40.899    93.019     2.455     9.964    14.242   302.625    78.181    19.648    44.782   112.023   113.670    25.942    38.403   275.201    74.216   348.472
dd10m        1587664800  186    34.658     1.763    62.289    15.810   135.675    27.398    80.392   358.564   123.496    83.762   250.962    58.154    28.594    23.285   103.893    93.833    23.222   103.384   287.971    39.123     0.134
dd10m        1587686400  192    49.667   316.259   173.468   312.043   185.373   298.829   185.904   311.226   191.011   193.200   214.688   250.113    25.516   314.014   203.323   211.730   325.645   197.347   337.601   237.480   346.405
dd10m        1587708000  198    56.005   336.413   328.600   292.755   212.132   313.797    36.461   327.750   191.617   198.250   212.653   302.720    20.437   306.004   352.566   277.356   348.833   209.213   345.023   238.155    13.359
dd10m        1587729600  204    38.442     2.612     7.164   317.103    18.808   332.569    46.073   359.386   182.241   193.329   230.639   323.131    33.118   330.369    22.318   327.938    17.882   193.654   341.834    62.501    25.756
dd10m        1587751200  210    34.329    20.536    22.444   357.876   204.991   356.273    53.225   359.424   202.087   223.682   339.634     3.689    61.372   344.964    11.331   350.072    40.836   251.129   338.360   357.927    28.761
dd10m        1587772800  216    58.789    25.374   168.223    26.981   207.486     0.157   167.673   293.242   230.089   210.925   347.709   189.142   152.267   339.567   346.998   194.810    71.812   277.445   287.059   287.278   175.543
dd10m        1587794400  222    40.062   328.395   164.323    21.416   205.349   348.722   191.791   292.107   317.047   199.265     6.494   226.726   182.737   339.100   353.965   190.334    45.638    28.351   294.866   117.850   210.051
dd10m        1587816000  228    40.185   346.398   113.403    53.599   128.028   340.416   137.983   328.488   338.265   126.096    13.895   331.315    40.505   332.322     0.609   175.885    35.284    10.814   325.257    84.268   294.984
dd10m        1587837600  234    53.673   350.615   156.762    39.456    92.747   348.234   174.750   348.390   327.512   135.226    15.780   347.913    18.457   333.677    33.728   173.598    41.830   337.504     2.533    72.917   329.012
dd10m        1587859200  240   187.766   332.514   195.327    42.336   168.148   312.260   194.234   301.270   297.183   183.345    10.640    12.079   260.548   340.264   189.886   177.765   155.253   329.567   324.102   129.655   237.479
ff10m        1587016800    6     2.422     2.405     2.432     2.405     2.455     2.430     2.376     2.435     2.453     2.439     2.426     2.387     2.393     2.455     2.437     2.383     2.421     2.447     2.390     2.454     2.439
ff10m        1587038400   12     1.288     1.323     1.288     1.290     1.255     1.271     1.215     1.395     1.260     1.225     1.345     1.380     1.258     1.279     1.403     1.193     1.456     1.253     1.208     1.275     1.330
ff10m        1587060000   18     1.122     1.030     1.216     1.047     1.210     0.996     1.073     1.094     1.084     0.882     1.195     1.122     1.011     1.115     1.066     1.144     1.063     1.136     0.991     1.334     0.977
ff10m        1587081600   24     0.580     0.408     0.647     0.739     0.698     0.575     0.488     0.412     0.868     0.576     0.497     0.635     0.603     0.642     0.709     0.888     0.790     0.716     0.658     0.433     0.527
ff10m        1587103200   30     0.998     0.974     1.033     0.979     1.000     1.318     0.889     1.199     1.241     1.001     0.923     0.768     1.213     0.881     1.058     1.131     1.015     1.028     0.924     0.849     0.837
ff10m        1587124800   36     0.883     1.234     1.176     0.701     1.289     0.636     1.177     0.479     0.555     1.015     1.000     1.122     1.089     0.629     0.849     1.039     1.142     0.964     0.569     1.127     0.829
ff10m        1587146400   42     1.176     1.211     1.347     1.239     1.164     1.088     1.163     1.034     1.008     1.236     1.209     1.283     1.173     0.941     1.069     1.183     1.309     1.143     1.043     1.211     1.150
ff10m        1587168000   48     1.145     1.267     1.007     1.154     1.130     1.463     1.533     1.022     1.434     1.157     0.391     0.761     1.186     1.355     1.292     0.969     1.132     1.383     1.463     0.849     1.256
ff10m        1587189600   54     0.761     1.005     0.796     1.055     0.868     1.010     0.824     0.760     1.034     0.823     0.357     0.510     0.956     0.930     0.676     0.910     0.640     0.801     0.975     0.973     0.889
ff10m        1587211200   60     1.219     1.635     1.408     0.971     0.592     0.593     1.332     0.875     1.258     1.014     0.858     1.309     1.731     1.253     0.835     1.263     0.806     1.452     1.314     2.082     1.789
ff10m        1587232800   66     1.153     1.348     1.188     0.917     1.150     0.533     1.324     0.924     1.358     1.148     1.200     1.462     1.481     1.415     1.184     0.959     0.914     1.344     0.947     1.756     1.433
ff10m        1587254400   72     1.883     1.689     1.753     1.570     2.163     1.540     1.541     1.792     1.270     1.996     1.835     1.546     1.646     1.437     2.138     1.459     1.981     1.449     1.922     1.454     1.710
ff10m        1587276000   78     1.552     1.228     1.370     1.410     1.356     1.131     1.237     1.408     1.701     1.130     0.901     0.953     1.740     1.444     1.543     1.461     1.286     1.199     1.095     1.944     1.255
ff10m        1587297600   84     3.642     3.201     3.150     3.358     2.513     2.923     2.881     2.561     3.408     3.699     3.445     3.040     3.356     3.000     3.424     3.283     3.557     3.417     1.933     3.479     3.306
ff10m        1587319200   90     2.677     2.465     2.531     2.577     1.986     2.287     2.016     2.311     2.461     2.445     2.419     2.363     2.631     2.341     2.228     2.189     2.215     2.696     2.068     2.319     2.583
ff10m        1587340800   96     1.849     1.733     2.107     1.979     2.153     1.787     1.437     2.540     1.637     1.784     2.306     1.637     1.847     1.671     2.016     1.775     1.852     1.979     2.208     1.809     1.680
ff10m        1587362400  102     1.794     2.227     2.011     1.811     2.754     1.817     1.116     2.368     1.668     1.860     1.832     0.751     1.854     1.018     2.289     1.740     2.003     1.753     2.038     1.824     1.720
ff10m        1587384000  108     2.932     3.650     2.666     2.259     2.171     3.083     2.931     2.181     3.539     3.481     2.247     4.368     2.810     2.952     2.452     2.794     2.813     2.981     1.904     3.560     4.389
ff10m        1587405600  114     2.866     3.134     2.251     2.416     1.022     2.808     2.393     2.350     2.703     3.961     2.559     3.847     2.520     2.842     2.322     3.333     2.485     2.176     2.341     2.919     3.623
ff10m        1587427200  120     2.136     2.383     1.993     2.330     1.318     2.492     2.146     1.780     1.989     3.053     2.048     2.465     2.293     2.646     2.412     2.940     1.872     1.912     2.214     2.844     2.820
ff10m        1587448800  126     2.791     2.475     2.232     3.225     1.883     2.836     1.369     1.321     1.733     3.201     2.580     2.367     1.771     2.919     2.188     3.198     1.940     2.099     2.350     2.831     2.459
ff10m        1587470400  132     3.614     3.444     4.176     4.182     3.005     3.839     3.286     2.788     2.937     3.706     3.540     3.554     3.125     4.256     2.365     3.775     3.276     2.362     3.591     3.931     2.727
ff10m        1587492000  138     2.835     3.281     3.432     3.366     2.358     3.382     3.048     2.812     1.998     2.822     3.211     3.404     2.596     3.403     1.361     3.466     2.803     1.481     3.205     3.867     1.934
ff10m        1587513600  144     2.630     2.181     2.090     2.319     2.511     2.708     2.831     2.622     1.782     2.523     3.127     3.073     1.015     2.365     1.474     2.939     1.585     2.078     3.274     3.396     1.896
ff10m        1587535200  150     0.915     1.548     1.877     2.303     2.398     2.498     3.347     2.282     0.457     1.620     1.593     2.156     1.726     1.539     1.178     2.247     1.304     1.122     2.769     2.959     1.099
ff10m        1587556800  156     2.539     3.460     3.199     4.369     3.018     3.176     4.351     1.822     3.014     2.457     2.036     3.168     3.720     3.307     3.477     2.725     3.462     2.044     2.086     3.224     2.757
ff10m        1587578400  162     1.535     2.583     2.243     3.024     2.839     2.663     3.092     1.245     1.939     1.834     1.633     2.413     2.089     3.006     3.279     2.400     3.153     1.461     1.402     2.176     2.900
ff10m        1587600000  168     0.531     0.591     1.440     1.062     3.036     1.599     2.166     1.175     0.358     1.819     0.661     1.930     0.394     2.177     2.500     2.347     1.291     0.291     2.240     2.604     2.112
ff10m        1587621600  174     1.092     1.920     0.705     2.067     1.818     1.399     2.142     1.293     0.282     0.577     0.995     1.720     1.062     0.884     2.481     1.750     1.785     0.624     1.836     1.486     2.317
ff10m        1587643200  180     3.234     3.503     3.846     3.646     1.667     3.481     3.177     1.930     1.390     1.678     1.345     1.964     3.446     4.360     2.599     1.089     3.763     1.345     2.120     1.615     3.639
ff10m        1587664800  186     3.320     2.835     2.275     3.131     1.639     2.574     2.504     1.820     1.021     0.775     1.008     1.667     3.087     2.951     1.530     0.723     2.508     1.161     1.219     0.896     3.340
ff10m        1587686400  192     1.202     1.854     0.935     1.846     2.265     1.519     1.085     1.509     2.697     2.519     2.938     0.919     1.977     1.713     0.754     0.917     1.845     2.153     3.672     1.615     2.374
ff10m        1587708000  198     1.127     2.209     0.977     1.893     1.404     2.077     1.102     1.131     2.514     2.235     2.755     1.271     2.976     1.981     1.221     0.877     2.715     1.647     3.036     0.991     2.043
ff10m        1587729600  204     2.501     4.667     3.156     2.606     0.939     4.370     2.745     2.103     2.831     2.525     1.397     1.986     4.340     4.072     2.892     0.982     4.153     1.375     2.988     0.997     2.907
ff10m        1587751200  210     2.334     3.372     1.993     1.786     0.063     3.608     2.269     1.559     2.090     1.311     1.546     1.159     2.863     3.258     1.865     0.272     3.349     1.958     2.858     0.572     2.046
ff10m        1587772800  216     0.783     0.485     1.075     1.800     1.243     2.240     1.922     1.148     1.537     1.797     1.413     2.124     1.818     2.517     1.282     1.938     1.362     0.825     2.052     0.272     0.499
ff10m        1587794400  222     1.083     0.922     1.430     1.999     0.578     1.953     1.706     1.280     1.179     0.783     2.197     1.370     1.583     3.015     1.185     2.443     1.775     0.433     2.768     0.437     1.603
ff10m        1587816000  228     2.457     3.439     1.427     2.574     0.552     3.229     0.509     2.398     2.057     1.899     2.658     0.718     2.063     4.071     2.164     2.601     3.613     1.181     3.483     1.257     2.012
ff10m        1587837600  234     1.586     2.737     1.086     2.435     1.158     3.832     0.944     1.979     2.286     1.678     2.037     1.714     0.966     3.429     1.684     2.318     2.576     1.655     3.010     1.693     1.025
ff10m        1587859200  240     1.872     1.850     2.211     1.607     2.444     1.680     2.761     0.960     1.662     2.942     1.777     1.886     0.677     3.234     0.827     3.371     1.400     0.484     1.187     1.658     1.828
apcpsfc      1587016800    6     0.000     0.000     0.000     0.000     0.000     0.000     0.000     0.000     0.000     0.000     0.000     0.000     0.000     0.000     0.000     0.000     0.000     0.000     0.000     0.000     0.000
apcpsfc      1587038400   12     0.000     0.000     0.000     0.000     0.000     0.000     0.000     0.000     0.010     0.000     0.000     0.010     0.000     0.010     0.010     0.000     0.010     0.000     0.000     0.000     0.000
apcpsfc      1587060000   18     0.003     0.000     0.003     0.003     0.005     0.003     0.003     0.000     0.003     0.000     0.000     0.011     0.005     0.000     0.003     0.005     0.005     0.003     0.005     0.003     0.003
apcpsfc      1587081600   24     0.000     0.000     0.000     0.000     0.000     0.000     0.000     0.000     0.000     0.000     0.000     0.000     0.000     0.000     0.000     0.000     0.000     0.000     0.000     0.000     0.000
apcpsfc      1587103200   30     0.000     0.000     0.000     0.000     0.000     0.000     0.000     0.000     0.000     0.000     0.000     0.000     0.000     0.000     0.000     0.000     0.002     0.000     0.000     0.000     0.000
apcpsfc      1587124800   36     0.032     0.036     0.108     0.008     0.189     0.003     0.058     0.003     0.003     0.026     0.000     0.060     0.026     0.008     0.008     0.145     0.157     0.098     0.000     0.000     0.008
apcpsfc      1587146400   42     0.609     0.673     0.991     0.324     1.020     0.200     0.613     0.261     0.201     0.622     0.520     0.848     0.848     0.503     0.220     1.366     1.197     0.699     0.279     0.680     0.299
apcpsfc      1587168000   48     0.171     0.063     0.078     0.444     0.038     0.138     0.014     0.197     0.142     0.253     0.028     0.406     0.475     0.153     0.043     0.284     0.141     0.176     0.155     0.046     0.204
apcpsfc      1587189600   54     0.066     0.048     0.073     0.014     0.012     0.057     0.000     0.057     0.162     0.018     0.020     0.023     0.077     0.064     0.010     0.027     0.001     0.068     0.106     0.039     0.151
apcpsfc      1587211200   60     0.273     0.299     0.471     0.221     0.183     0.194     0.233     0.352     0.560     0.206     0.243     0.144     0.609     0.441     0.370     0.450     0.153     0.330     0.385     0.524     0.521
apcpsfc      1587232800   66     1.591     1.551     1.855     1.616     1.712     2.635     1.387     2.136     2.377     1.219     1.763     1.475     1.534     2.366     1.736     1.855     1.511     1.084     1.866     1.761     1.308
apcpsfc      1587254400   72     0.187     0.018     0.319     0.265     0.171     0.372     0.097     0.989     0.313     0.206     0.059     0.036     0.399     0.578     0.071     0.467     0.233     0.037     0.357     0.779     0.192
apcpsfc      1587276000   78     0.028     0.214     0.046     0.255     0.136     0.364     0.081     0.156     0.065     0.613     0.000     0.038     0.337     0.018     0.114     0.334     0.438     0.018     0.057     0.334     0.077
apcpsfc      1587297600   84     0.252     0.654     0.774     0.758     0.767     1.028     0.200     0.974     0.954     1.233     0.196     0.143     0.153     0.172     0.824     1.002     0.988     0.079     0.708     0.217     0.378
apcpsfc      1587319200   90     0.604     1.485     1.821     1.227     1.917     1.964     1.293     1.957     0.870     1.251     0.175     0.349     0.148     0.901     1.709     1.770     0.949     0.236     6.680     0.080     1.033
apcpsfc      1587340800   96     0.000     0.123     0.026     0.026     0.122     0.104     0.053     0.026     0.074     0.159     0.023     0.122     0.000     0.079     0.074     0.053     0.000     0.026     3.611     0.000     0.074
apcpsfc      1587362400  102     0.128     0.284     0.922     0.252     0.060     0.932     0.206     0.249     0.000     0.074     0.125     0.195     0.219     0.492     0.244     1.247     0.039     0.127     0.557     0.048     0.128
apcpsfc      1587384000  108     1.506     0.381     1.011     2.581     0.455     7.786     0.296     0.323     0.105     0.915     0.532     0.100     0.609     1.384     1.833     8.734     0.344     0.222     4.083     0.038     0.124
apcpsfc      1587405600  114     1.350     0.170     1.637     4.744     4.790     9.639     0.631     2.096     0.118     1.547     1.364     0.000     0.596     1.300     6.664    10.911     0.602     0.122     9.499     0.000     0.000
apcpsfc      1587427200  120     0.270     0.122     0.147     0.785     2.064     2.809     0.703     0.170     0.048     0.505     0.319     0.017     0.213     0.244     0.196     6.442     0.176     0.000     4.487     0.000     0.000
apcpsfc      1587448800  126     0.096     0.096     0.014     0.265     0.516     1.520     1.274     0.258     0.096     0.250     0.233     0.045     0.053     0.000     0.000     5.554     0.092     0.048     1.840     0.014     0.062
apcpsfc      1587470400  132     0.010     0.096     0.010     0.074     0.319     1.214     1.671     0.333     0.000     0.478     0.064     0.107     0.010     0.000     0.067     4.284     0.024     0.000     1.182     0.343     0.000
apcpsfc      1587492000  138     0.000     0.244     0.000     0.100     1.008     1.870     2.766     0.435     0.000     1.129     0.249     1.202     0.000     0.000     0.679     2.696     0.071     0.000     2.423     1.807     0.000
apcpsfc      1587513600  144     0.074     0.000     0.008     0.222     0.076     0.581     1.161     0.048     0.000     0.172     0.196     1.217     0.000     0.000     0.573     0.526     0.053     0.000     0.334     0.474     0.000
apcpsfc      1587535200  150     0.010     0.000     0.031     0.010     0.057     0.096     1.738     0.000     0.000     0.010     0.048     0.000     0.000     0.010     0.382     0.000     0.057     0.000     0.000     0.014     0.000
apcpsfc      1587556800  156     0.000     0.000     0.000     0.094     0.397     0.048     1.549     0.000     0.000     0.081     0.000     0.192     0.000     0.000     0.364     0.323     0.003     0.100     0.000     0.000     0.000
apcpsfc      1587578400  162     0.296     0.000     0.000     0.571     0.717     0.287     1.331     0.000     0.000     0.191     0.100     0.868     0.000     0.100     1.028     2.255     0.080     1.594     0.000     0.048     0.947
apcpsfc      1587600000  168     0.026     0.000     0.088     0.397     0.191     0.180     0.170     0.000     0.000     0.000     0.000     0.628     0.000     0.459     0.497     1.602     0.000     2.017     0.000     0.000     0.413
apcpsfc      1587621600  174     0.026     0.000     0.326     0.017     0.334     0.000     0.000     0.000     0.000     0.000     0.000     0.085     0.000     0.000     0.067     0.344     0.000     0.170     0.000     0.000     0.037
apcpsfc      1587643200  180     0.324     0.000     0.087     0.025     0.320     0.000     0.000     0.000     0.000     0.057     0.003     0.956     0.000     0.000     0.073     1.457     0.000     0.463     0.122     0.167     0.000
apcpsfc      1587664800  186     1.131     0.000     0.100     0.106     0.635     0.005     0.061     0.798     0.117     1.231     2.520     2.887     0.000     0.000     0.566     6.947     0.000     1.283     4.323     1.556     0.000
apcpsfc      1587686400  192     0.185     0.000     0.000     0.207     0.010     0.000     0.003     0.095     0.241     0.462     6.235     0.555     0.000     0.000     0.048     4.789     0.000     0.430    11.486     1.158     0.000
apcpsfc      1587708000  198     0.069     0.001     0.000     0.022     0.053     0.000     0.000     0.030     1.917     0.818     5.644     0.053     0.000     0.000     0.000     0.181     0.600     0.743     2.411     0.357     0.026
apcpsfc      1587729600  204     0.043     0.176     0.000     0.522     1.127     0.760     0.012     0.426     4.261     1.327     6.124     0.150     0.000     0.033     0.000     0.299     0.581     2.008     0.316     3.834     0.000
apcpsfc      1587751200  210     0.199     0.152     0.000     2.943     5.153     1.653     0.102     0.782     6.805     2.779     8.460     0.607     0.000     0.519     0.000     0.973     0.189     5.009     0.231     9.990     0.000
apcpsfc      1587772800  216     0.000     0.005     0.000     7.248     3.001     0.849     0.018     0.073    11.278     1.789     6.857     0.102     0.000     1.174     0.000     0.567     0.139     5.110     0.003     7.228     0.000
apcpsfc      1587794400  222     0.000     0.000     0.000     7.282     0.917     0.171     0.018     0.140     9.986     0.067     9.454     1.533     0.000     2.091     0.000     1.653     0.012     3.132     0.008     0.673     0.000
apcpsfc      1587816000  228     0.026     0.000     0.000     4.577     1.813     0.029     0.158     2.104     8.623     0.328     7.199     5.471     0.000     1.428     0.004     2.389     0.000     7.880     0.519     0.964     0.003
apcpsfc      1587837600  234     0.122     0.018     1.697     3.385     6.126     0.139     0.978     3.532     8.508     1.262     6.704    10.060     0.005     1.556     0.209     1.953     0.000    13.346     1.668     2.581     0.128
apcpsfc      1587859200  240     0.003     0.335     0.051     3.038     5.990     0.083     0.785     0.673     5.914     0.031     3.234     8.924     0.000     1.468     0.225     0.460     0.000     8.404     0.238     0.726     0.023
tmp2m        1587016800    6   274.464   274.595   274.373   274.521   274.399   274.373   274.347   274.347   274.659   274.399   274.495   274.607   274.521   274.621   274.521   274.538   274.528   274.485   274.547   274.399   274.447
tmp2m        1587038400   12   282.248   282.379   282.366   282.169   282.370   282.227   282.331   282.401   282.181   282.112   282.134   282.012   282.344   282.152   282.188   282.504   282.183   282.379   282.082   282.169   282.175
tmp2m        1587060000   18   274.101   274.492   274.035   274.429   274.746   273.528   274.759   273.763   273.986   274.288   273.943   274.453   273.710   274.254   273.571   273.972   274.280   274.582   274.282   275.192   273.767
tmp2m        1587081600   24   271.229   271.772   271.104   270.871   271.581   271.230   271.719   271.283   271.141   271.288   271.145   271.395   271.184   271.264   271.083   271.530   271.285   271.289   271.293   271.103   271.032
tmp2m        1587103200   30   276.829   276.881   276.700   276.813   276.907   276.903   276.629   276.813   276.839   276.856   276.856   276.767   276.839   276.855   276.839   276.922   276.878   276.896   276.777   276.664   276.746
tmp2m        1587124800   36   286.091   285.833   285.633   286.067   285.539   286.619   285.566   286.683   286.544   285.778   286.072   285.753   286.110   286.672   286.206   286.208   285.437   285.904   286.327   285.869   286.095
tmp2m        1587146400   42   278.193   277.457   277.199   277.740   277.714   278.244   277.376   278.067   277.858   278.291   278.228   277.270   277.914   278.209   278.119   278.162   277.299   277.995   278.114   277.078   278.009
tmp2m        1587168000   48   274.484   275.464   274.177   274.597   274.540   275.298   274.830   274.371   274.802   274.879   274.143   274.176   274.717   274.696   275.056   274.584   274.435   275.240   275.185   274.547   275.532
tmp2m        1587189600   54   278.333   278.187   278.250   278.140   278.401   278.264   278.181   278.321   278.435   278.073   278.314   277.855   278.229   278.157   278.341   278.064   278.068   278.285   278.282   278.395   278.271
tmp2m        1587211200   60   287.184   286.765   286.574   287.237   287.921   287.931   286.970   287.618   286.685   287.693   287.735   286.919   286.313   287.028   287.681   287.070   287.776   286.940   286.642   286.037   286.330
tmp2m        1587232800   66   277.835   277.939   278.057   278.588   278.387   278.845   278.231   278.531   278.661   278.200   278.360   279.044   277.876   278.409   278.482   277.230   279.195   278.178   278.404   278.645   277.738
tmp2m        1587254400   72   276.448   275.665   275.934   276.243   277.275   276.653   275.658   276.176   275.455   277.513   277.207   276.424   275.708   275.974   276.996   275.825   276.886   275.741   276.552   275.617   275.708
tmp2m        1587276000   78   278.733   278.709   278.433   278.637   279.276   278.750   278.466   278.441   278.315   278.875   279.038   278.684   277.858   278.503   278.848   278.386   279.128   279.089   279.058   277.706   278.538
tmp2m        1587297600   84   286.053   285.368   285.356   285.503   286.582   284.710   286.456   285.203   284.548   285.100   286.194   286.200   285.520   285.612   285.971   285.474   285.630   286.785   285.639   285.112   285.401
tmp2m        1587319200   90   280.093   279.562   279.563   279.837   280.567   280.112   278.946   280.055   279.416   280.144   279.682   279.287   279.218   279.044   279.899   279.428   279.916   279.973   280.404   278.189   279.554
tmp2m        1587340800   96   276.397   276.408   276.271   277.040   278.430   277.153   277.610   277.466   274.346   276.730   278.032   277.723   275.559   277.493   276.979   275.977   275.604   277.061   278.488   273.981   276.291
tmp2m        1587362400  102   277.926   276.437   277.692   278.177   278.808   277.322   278.155   278.195   277.140   277.231   279.231   278.231   277.565   278.191   277.973   277.007   277.736   278.452   278.018   276.708   277.291
tmp2m        1587384000  108   283.298   281.789   283.797   283.001   285.587   279.978   284.936   284.202   285.267   279.989   285.767   284.409   283.759   283.486   283.401   279.635   283.825   285.396   282.029   284.437   284.223
tmp2m        1587405600  114   278.763   277.303   279.353   278.770   280.405   277.315   279.612   279.553   277.502   275.816   280.614   276.279   278.607   278.529   279.827   276.570   279.239   279.671   278.893   276.093   277.011
tmp2m        1587427200  120   275.744   274.353   275.809   275.022   278.203   274.490   276.896   276.622   274.192   272.957   277.914   272.390   275.407   274.613   276.565   273.466   276.436   276.545   276.461   272.254   273.365
tmp2m        1587448800  126   274.351   274.509   275.784   273.430   278.635   273.618   276.242   276.740   275.526   272.823   276.393   272.965   275.055   272.204   276.934   272.758   276.056   276.611   275.469   273.272   274.881
tmp2m        1587470400  132   282.983   282.376   283.849   280.727   285.824   278.246   280.046   282.315   285.173   279.329   283.248   280.046   284.442   281.729   285.699   275.967   284.016   286.364   279.767   279.546   285.510
tmp2m        1587492000  138   276.392   276.072   276.410   275.499   281.233   275.501   275.972   278.723   277.919   275.509   276.862   274.480   276.756   274.954   279.601   274.805   277.061   280.027   277.040   274.509   279.380
tmp2m        1587513600  144   272.834   270.667   272.590   271.495   276.219   271.295   272.288   273.570   273.388   270.798   272.492   270.133   271.345   270.430   274.925   270.314   272.823   274.859   272.488   269.985   273.811
tmp2m        1587535200  150   274.248   273.091   274.289   271.835   277.454   271.609   271.336   275.047   277.060   272.351   273.533   270.792   274.743   273.106   275.865   270.827   274.100   278.917   273.779   270.564   278.228
tmp2m        1587556800  156   284.182   282.949   283.273   279.119   284.592   280.145   276.353   286.517   285.990   281.686   284.615   278.913   284.148   282.546   282.241   278.240   281.766   286.459   284.631   279.811   287.951
tmp2m        1587578400  162   277.310   275.418   275.246   273.770   279.320   275.093   273.580   277.450   278.267   274.608   276.243   274.421   276.249   274.634   276.670   276.051   274.927   280.807   277.942   274.494   280.710
tmp2m        1587600000  168   271.930   269.723   272.189   269.211   274.749   269.731   268.615   273.148   272.444   270.141   271.065   269.793   270.774   270.318   273.064   272.414   269.022   278.193   273.447   269.110   276.759
tmp2m        1587621600  174   274.241   273.479   273.506   270.775   276.230   272.098   270.650   276.934   276.932   274.064   275.661   271.764   275.204   272.676   273.050   273.087   271.764   279.440   277.019   271.883   276.263
tmp2m        1587643200  180   281.219   282.697   281.355   278.802   283.582   280.568   278.871   286.851   287.255   283.913   287.061   279.938   283.591   281.489   281.566   278.680   280.596   285.776   286.707   280.810   284.853
tmp2m        1587664800  186   275.175   275.320   275.421   273.258   277.792   274.517   274.431   279.075   279.209   276.701   278.103   274.205   276.697   274.728   276.443   275.989   273.827   281.036   278.544   274.067   277.872
tmp2m        1587686400  192   270.075   270.912   270.238   270.294   271.840   269.816   269.036   275.980   277.220   274.306   276.603   267.706   269.956   271.053   270.349   271.403   269.707   276.950   274.972   269.946   270.793
tmp2m        1587708000  198   273.945   274.006   275.712   272.775   276.387   272.683   273.640   277.719   278.577   276.473   277.274   272.135   271.938   274.289   275.482   274.193   272.390   279.466   272.560   273.413   272.328
tmp2m        1587729600  204   281.934   281.220   284.830   280.513   284.129   279.348   282.446   285.495   282.990   282.389   279.419   279.574   279.194   282.645   283.925   280.477   277.479   285.433   276.813   277.390   282.353
tmp2m        1587751200  210   276.512   275.289   277.523   275.000   278.320   273.510   276.448   280.269   279.560   277.550   276.176   273.878   274.614   276.115   276.694   275.494   271.669   280.717   272.848   274.771   276.356
tmp2m        1587772800  216   269.278   268.153   271.290   271.131   274.057   269.188   271.465   275.069   277.458   273.119   273.273   270.263   269.226   272.526   269.941   272.096   267.320   277.242   267.550   271.373   269.624
tmp2m        1587794400  222   273.622   272.436   276.164   270.385   275.854   269.605   275.030   278.195   275.201   275.836   270.817   273.934   273.926   271.715   275.694   275.977   268.951   276.548   269.864   273.230   274.795
tmp2m        1587816000  228   282.585   281.725   287.765   274.516   281.330   277.806   284.345   282.481   275.600   284.167   271.968   276.623   285.554   275.298   284.335   280.712   278.090   277.604   276.245   277.014   285.594
tmp2m        1587837600  234   275.827   276.144   279.525   273.612   277.780   272.913   278.357   279.599   273.441   279.820   270.628   273.675   276.100   271.259   277.655   277.942   272.492   275.734   270.750   275.830   277.216
tmp2m        1587859200  240   271.366   270.564   274.151   271.061   275.232   268.002   274.511   275.676   270.614   275.850   268.037   270.525   269.359   268.706   272.227   275.515   266.599   274.295   266.830   272.990   272.372
tcdcclm      1587016800    6     2.014     0.825     2.544     2.709     3.373     3.132     3.689     2.123     3.527     2.175     1.902     1.220     2.589     2.301     2.185     3.506     2.178     1.012     1.763     2.975     2.930
tcdcclm      1587038400   12     2.790     3.395     2.871     4.129     2.462     2.805     2.948     3.019     2.784     2.520     2.847     2.518     2.780     2.506     3.370     2.204     2.609     2.665     3.323     2.653     2.704
tcdcclm      1587060000   18     5.362     5.562     5.208     6.658     5.700     3.513     6.175     3.881     5.362     5.786     4.749     5.196     4.912     5.132     4.490     4.490     5.941     6.164     5.301     6.115     5.723
tcdcclm      1587081600   24     3.690     6.167     0.952     1.816     5.301     1.994     6.420     3.339     2.448     5.054     2.162     5.599     2.812     3.655     2.210     1.331     3.400     3.977     4.867     2.941     2.234
tcdcclm      1587103200   30     2.306     1.775     2.199     3.630     3.285     2.877     4.319     3.002     2.077     2.905     1.976     3.895     3.093     1.721     2.133     2.371     2.421     3.644     3.238     1.394     3.157
tcdcclm      1587124800   36     2.621     2.271     2.432     2.414     1.465     3.068     1.150     3.787     2.988     2.708     2.399     0.721     1.957     2.646     2.693     2.422     3.498     1.419     2.331     2.118     2.225
tcdcclm      1587146400   42     3.182     2.523     2.403     3.847     1.436     4.468     2.088     4.794     4.595     3.631     4.460     1.811     2.969     3.735     3.701     3.425     3.249     3.022     3.270     2.443     4.405
tcdcclm      1587168000   48     3.141     5.587     2.731     3.635     4.012     4.626     2.621     3.431     3.829     4.638     3.220     2.845     3.965     3.490     5.170     2.676     2.046     4.304     4.462     4.473     5.693
tcdcclm      1587189600   54     4.997     6.145     5.565     4.550     4.824     5.588     4.945     5.894     6.132     3.667     4.519     3.675     5.636     4.084     5.853     3.067     3.128     5.989     5.766     5.504     6.433
tcdcclm      1587211200   60     4.129     3.254     5.500     5.076     5.209     4.258     5.172     4.706     5.662     2.903     5.042     4.298     4.851     4.252     4.538     3.564     3.769     4.093     3.552     5.657     4.656
tcdcclm      1587232800   66     4.919     4.755     4.934     5.909     5.613     6.098     4.527     6.166     5.994     4.955     5.237     4.202     4.126     6.069     5.834     5.223     5.768     4.750     5.548     4.388     4.049
tcdcclm      1587254400   72     5.791     3.941     6.166     6.373     7.268     7.478     3.859     4.566     5.345     7.786     7.530     4.584     3.798     7.392     6.836     7.149     5.789     4.924     5.010     2.326     5.428
tcdcclm      1587276000   78     4.411     6.202     4.600     4.244     6.795     7.097     3.670     3.531     3.847     7.206     6.798     5.615     0.919     5.866     7.197     5.936     6.937     2.692     4.325     1.933     5.438
tcdcclm      1587297600   84     1.613     6.700     1.577     1.180     4.906     5.642     1.091     3.151     1.986     5.641     4.517     3.319     1.774     4.240     4.511     2.470     3.339     2.123     3.169     3.488     3.971
tcdcclm      1587319200   90     3.711     4.257     4.603     5.611     6.307     7.049     1.875     6.745     2.584     6.683     1.699     2.620     3.877     4.840     5.814     4.487     2.180     3.146     7.220     2.305     3.531
tcdcclm      1587340800   96     6.215     5.149     5.021     7.123     7.743     7.655     6.488     6.919     4.371     7.257     4.264     3.901     6.085     4.990     7.508     5.763     4.557     6.127     7.262     4.998     5.067
tcdcclm      1587362400  102     5.843     5.338     4.952     7.071     6.862     7.097     7.804     7.768     3.011     6.160     7.303     5.612     5.593     5.381     7.074     5.967     3.835     6.164     7.077     4.917     5.061
tcdcclm      1587384000  108     6.234     5.719     5.029     6.616     7.511     7.328     6.598     7.864     3.327     5.606     7.325     2.755     4.987     5.658     6.805     6.681     6.334     5.530     7.029     1.802     2.771
tcdcclm      1587405600  114     5.665     4.966     5.044     6.663     7.899     7.679     5.210     7.667     0.520     5.474     7.353     0.552     5.696     6.064     7.168     6.127     6.380     2.956     7.355     0.351     0.303
tcdcclm      1587427200  120     5.195     4.956     5.837     6.037     7.057     7.615     5.885     7.760     2.883     5.510     6.613     2.042     6.160     6.281     6.341     6.201     5.888     3.374     7.139     1.210     1.009
tcdcclm      1587448800  126     4.116     3.764     3.651     5.201     6.523     5.833     5.842     6.541     3.611     4.903     5.319     4.738     3.779     3.078     6.158     6.305     3.963     3.325     5.829     3.142     3.282
tcdcclm      1587470400  132     0.997     2.406     1.210     2.797     6.805     5.478     5.767     5.880     0.455     3.557     2.721     2.896     1.175     0.118     4.310     6.593     1.812     0.378     5.656     2.768     0.340
tcdcclm      1587492000  138     0.545     3.584     0.181     3.603     6.356     5.597     5.743     5.676     0.191     5.094     4.873     5.706     0.577     0.126     5.036     6.184     3.117     0.149     5.788     5.649     0.875
tcdcclm      1587513600  144     3.371     1.114     1.239     3.947     4.882     4.048     5.576     5.609     0.218     3.384     4.426     4.927     0.174     0.181     4.035     5.172     3.675     0.388     2.716     4.698     1.374
tcdcclm      1587535200  150     1.363     0.174     4.120     2.001     5.879     3.117     5.666     2.693     0.212     0.684     2.275     0.751     0.149     2.645     4.217     2.655     4.822     0.694     0.692     1.231     3.426
tcdcclm      1587556800  156     0.983     0.098     0.403     1.886     6.754     1.143     5.595     1.164     0.111     1.334     2.803     2.262     0.098     3.643     5.197     4.570     5.677     3.717     0.090     0.136     5.247
tcdcclm      1587578400  162     3.942     0.059     3.086     4.108     7.233     3.676     5.890     0.378     2.273     3.585     1.548     5.253     0.059     6.043     5.956     5.784     5.637     5.916     0.187     0.869     6.610
tcdcclm      1587600000  168     2.556     0.111     5.556     4.811     7.676     3.658     5.408     0.111     0.639     0.589     0.577     4.026     0.119     4.717     5.276     5.784     1.273     6.494     1.444     0.313     5.889
tcdcclm      1587621600  174     1.827     0.160     6.361     2.015     7.621     0.657     3.838     0.342     2.477     0.761     0.453     3.300     3.464     0.793     4.476     4.483     0.164     6.598     3.433     0.983     4.447
tcdcclm      1587643200  180     2.281     1.200     4.687     0.499     6.850     0.178     5.171     0.132     4.208     1.393     1.811     2.732     5.950     0.046     2.392     5.317     2.167     5.874     4.393     4.254     3.726
tcdcclm      1587664800  186     4.736     0.377     2.377     1.426     5.263     0.602     5.431     2.833     5.447     3.170     7.399     5.635     5.129     2.496     5.251     6.489     3.541     5.618     7.654     5.748     4.544
tcdcclm      1587686400  192     2.870     0.613     0.080     3.334     4.614     0.979     2.014     5.132     4.476     5.115     7.870     3.342     4.045     4.663     1.713     6.283     4.583     5.280     7.913     5.109     5.425
tcdcclm      1587708000  198     1.813     0.344     0.706     5.682     4.056     0.310     0.770     3.277     5.368     5.488     7.620     1.467     1.850     1.871     0.337     2.384     3.278     4.613     7.028     3.503     3.991
tcdcclm      1587729600  204     1.015     0.822     4.827     3.971     5.285     2.921     0.527     1.918     6.234     3.884     7.794     1.264     0.328     5.375     0.913     2.481     5.200     4.872     5.333     4.979     0.279
tcdcclm      1587751200  210     3.019     1.712     0.816     5.580     5.119     4.949     2.822     5.732     7.053     4.346     7.736     2.855     0.321     4.982     0.712     2.360     4.474     5.860     3.775     6.766     3.945
tcdcclm      1587772800  216     0.763     2.573     0.066     6.254     6.244     6.235     1.368     4.314     7.668     2.983     7.475     2.744     1.356     6.668     1.035     3.691     5.364     6.960     1.418     7.432     1.773
tcdcclm      1587794400  222     0.411     5.068     0.080     7.867     5.267     4.356     2.700     5.936     7.827     2.182     7.863     5.085     2.841     7.679     2.085     5.593     2.074     7.177     2.229     6.105     0.305
tcdcclm      1587816000  228     0.262     3.364     0.130     7.786     4.417     1.471     4.497     7.030     7.681     2.939     7.818     6.731     1.413     6.923     1.021     5.716     0.550     7.397     3.200     6.598     0.606
tcdcclm      1587837600  234     0.552     6.198     1.348     7.631     6.192     2.476     5.200     6.223     7.778     5.419     7.932     7.512     1.328     5.750     1.828     5.674     0.430     7.843     6.656     7.368     2.258
tcdcclm      1587859200  240     0.193     5.932     0.805     7.620     6.761     2.857     5.387     5.490     7.905     5.823     7.646     7.860     0.887     6.696     2.207     5.257     0.623     7.901     4.229     7.198     1.997
