# ASCII output from GENSvis.py
# Contains interpolated values from the
# GFS ensemble on 1.000000 x 1.000000 degrees
# The data in here are for station
# 11120: INNSBRUCK-FLUGHAFEN
# Station position:  11.3553 47.2589
# Used grid point 1: 12.0000 48.0000
# Used grid point 2: 12.0000 47.0000
# Used grid point 3: 11.0000 47.0000
# Used grid point 4: 11.0000 48.0000
varname    timestamp    step mem0      mem1      mem2      mem3      mem4      mem5      mem6      mem7      mem8      mem9      mem10     mem11     mem12     mem13     mem14     mem15     mem16     mem17     mem18     mem19     mem20     
tmax2m       1520920800    6    -2.996    -2.210    -2.945    -3.348    -2.930    -3.836    -2.478    -3.191    -2.966    -3.307    -3.746    -2.532    -2.507    -2.817    -4.753    -2.387    -3.917    -3.683    -3.149    -3.485    -2.983
tmax2m       1520942400   12     1.124     1.509     1.090     1.278     0.584     1.353     0.488     1.199     0.960     1.202     1.168     1.447     0.719     0.869     1.435     1.743     1.085     0.977     1.447     1.364     0.998
tmax2m       1520964000   18     1.342     1.602     1.256     1.544     0.924     1.413     0.687     1.514     1.200     1.328     1.377     1.482     1.002     1.280     1.453     1.770     1.334     1.104     1.530     1.566     1.299
tmax2m       1520985600   24    -2.741    -3.259    -2.764    -3.112    -2.748    -2.219    -2.686    -2.838    -2.403    -2.595    -2.572    -2.559    -2.708    -2.891    -2.828    -2.734    -2.637    -2.680    -2.188    -3.070    -2.694
tmax2m       1521007200   30    -5.489    -8.782    -5.415    -6.627    -5.155    -8.470    -4.776    -6.570    -6.689    -5.006    -7.354    -5.983    -4.814    -6.675    -4.145    -4.686    -4.420    -4.286    -4.151    -4.643    -6.681
tmax2m       1521028800   36     0.988     0.770     0.798     1.004     1.246     1.086     1.129     1.257     0.950     1.181     1.012     0.929     1.169     1.052     0.771     1.133     0.850     0.879     1.280     0.965     0.982
tmax2m       1521050400   42     1.336     1.203     1.121     1.370     1.370     1.487     1.618     1.405     1.381     1.443     1.407     1.314     1.462     1.556     1.147     1.446     1.146     1.249     1.537     1.344     1.489
tmax2m       1521072000   48    -3.042    -3.087    -2.733    -3.141    -2.871    -2.656    -2.315    -3.265    -2.983    -2.638    -2.986    -2.755    -2.558    -2.964    -2.484    -2.690    -2.578    -2.789    -2.239    -2.993    -2.866
tmax2m       1521093600   54    -3.844    -5.125    -4.033    -3.901    -3.631    -3.875    -3.485    -3.944    -4.384    -3.710    -3.566    -3.604    -3.654    -3.732    -4.462    -3.479    -4.035    -3.701    -3.343    -3.879    -3.665
tmax2m       1521115200   60     1.503     2.050     1.731     2.023     2.393     1.734     2.040     1.742     1.815     1.774     1.410     2.150     1.875     1.924     1.816     1.613     2.136     1.470     2.488     1.784     2.268
tmax2m       1521136800   66     1.971     2.212     2.041     2.167     2.413     1.988     2.393     2.183     1.857     2.317     1.823     2.180     2.276     2.249     1.680     2.160     2.160     1.831     2.566     2.052     2.500
tmax2m       1521158400   72    -0.654    -0.646    -0.729    -0.223    -0.325    -1.111     0.003    -1.018    -0.926    -0.644    -0.814    -0.170    -0.642    -0.681    -0.919    -0.446    -0.833    -0.731    -0.318    -0.853    -0.098
tmax2m       1521180000   78    -1.411    -1.044    -2.312    -0.962    -0.724    -2.092    -0.772    -2.345    -1.848    -2.173    -1.566    -0.847    -1.821    -1.917    -1.539    -0.193    -1.480    -1.588    -1.240    -2.102    -0.632
tmax2m       1521201600   84     1.466     1.259     1.507     1.992     2.459     1.669     1.650     0.866     2.082     2.434     1.027     0.346     1.858     1.428     0.913     2.267     1.471     2.293     1.209     2.361     1.898
tmax2m       1521223200   90     1.836     1.912     1.706     2.150     2.669     1.745     1.641     1.172     2.245     2.501     1.732     0.449     2.220     1.524     1.119     1.657     1.805     2.480     1.603     2.575     1.980
tmax2m       1521244800   96    -0.910    -1.480    -0.695    -1.109    -0.263    -1.228    -1.349    -2.081    -0.454    -0.147    -1.340    -1.866    -1.023    -1.370    -1.056    -1.271    -0.074    -1.087    -3.014    -0.860    -0.453
tmax2m       1521266400  102    -2.484    -2.726    -1.921    -2.750    -1.662    -2.815    -2.232    -3.411    -1.811    -1.803    -2.390    -3.805    -2.522    -2.412    -2.340    -3.998    -1.267    -2.071    -4.041    -2.442    -1.601
tmax2m       1521288000  108    -1.623    -2.472    -2.300    -0.321    -0.130    -0.961     1.074     0.104    -2.043    -1.619    -2.292    -1.585    -0.619    -2.034    -1.180    -0.845     0.412     0.107     0.036    -1.156    -1.250
tmax2m       1521309600  114    -1.784    -2.335    -3.332    -0.203    -0.203    -0.908     0.679     0.457    -3.018    -2.117    -2.174    -1.584    -0.659    -2.077    -1.198    -1.340     0.321     0.023     0.087    -1.222    -0.893
tmax2m       1521331200  120    -4.474    -4.033    -9.186    -2.714    -3.240    -3.164    -3.178    -3.931    -8.424    -5.216    -4.462    -4.203    -2.974    -4.783    -4.453    -4.303    -2.331    -2.577    -2.454    -3.326    -2.790
tmax2m       1521352800  126    -6.722    -4.539   -12.887    -4.831    -5.664    -5.168    -5.671    -5.703   -11.009    -6.977    -6.400    -6.284    -4.411    -7.133    -7.435    -6.209    -5.993    -4.440    -4.273    -5.033    -5.771
tmax2m       1521374400  132    -1.752    -2.176   -10.340    -1.917    -0.741    -2.891     0.501    -1.461    -5.011    -4.019    -4.709    -1.864     0.483    -2.613    -3.029    -0.417    -5.119    -0.683    -1.983    -3.058    -0.774
tmax2m       1521396000  138    -1.662    -2.080    -9.858    -2.083    -0.682    -2.806     0.834    -1.532    -4.364    -3.955    -5.064    -1.512     0.592    -2.455    -2.681    -0.086    -5.045    -0.021    -1.745    -3.038    -0.692
tmax2m       1521417600  144    -5.175    -5.540   -14.227    -5.385    -4.374    -5.139    -3.174    -4.094    -6.763    -7.049    -8.547    -6.344    -2.772    -5.206    -5.279    -3.134    -9.074    -3.993    -4.175    -6.356    -3.521
tmax2m       1521439200  150    -6.718    -6.595   -15.154    -6.253   -14.554    -5.930    -4.176    -6.379    -8.318   -14.936   -11.012    -7.788    -4.563    -7.100    -6.649    -4.836   -13.886    -4.813    -4.936    -8.700    -6.548
tmax2m       1521460800  156    -1.976     0.205    -7.522    -0.944     0.024    -0.234    -3.082    -4.532    -1.821    -4.197    -1.784    -2.939     0.183     0.014     0.166     0.917    -5.655    -0.215    -0.487    -3.437    -1.379
tmax2m       1521482400  162    -1.923     0.552    -6.887    -0.478     0.551    -0.636    -3.220    -4.297    -1.923    -4.019    -1.676    -2.904     0.201     0.555     0.641     1.393    -5.363    -0.259     1.444    -3.412    -1.154
tmax2m       1521504000  168    -4.706    -2.441   -10.614    -4.290    -4.705    -5.155    -7.024    -9.303    -5.065    -9.564    -4.558    -6.747    -2.870    -2.641    -3.184    -2.776   -10.494    -2.991    -1.307    -6.183    -3.730
tmax2m       1521525600  174    -7.362    -5.236   -14.634    -4.050    -5.125   -12.398    -9.326   -10.406    -7.523   -12.339    -7.639   -10.069    -5.458    -4.775    -5.066    -3.630   -17.744    -4.234    -4.000    -9.544    -9.101
tmax2m       1521547200  180    -4.846    -1.187    -3.214     0.707    -0.770     0.265    -6.901    -8.096    -2.416    -8.405    -0.058    -7.039     1.054     0.829    -1.989     2.724    -4.343     0.535     1.803    -3.422    -0.212
tmax2m       1521568800  186    -4.884    -1.285    -2.598     1.016    -1.031     0.608    -6.850    -7.880    -2.617    -7.857     0.076    -6.983     1.066     0.961    -1.954     3.190    -3.813     0.609     1.931    -3.509    -0.198
tmax2m       1521590400  192    -8.370    -3.322    -7.041    -1.802    -3.662    -2.670   -10.453   -10.034    -7.365   -12.544    -3.736    -9.332    -2.565    -3.621    -9.146     1.024    -8.199    -2.431    -0.779    -6.154    -4.466
tmax2m       1521612000  198   -10.714    -3.778   -19.649    -3.804    -6.600    -1.400   -15.868   -11.642   -10.160   -15.689    -7.015   -10.217    -3.531    -6.822   -19.072     1.676   -11.849    -7.382    -1.650    -7.462    -8.683
tmax2m       1521633600  204    -6.139    -0.753    -0.644    -2.285    -7.405     1.347    -6.055    -8.455    -8.454     0.582    -7.944    -5.518     0.371    -3.704    -2.700     4.691    -0.322     2.495     1.287    -1.620    -4.350
tmax2m       1521655200  210    -5.932    -0.700    -0.112    -2.166    -7.625     1.140    -6.099    -7.609    -8.084     0.924    -8.042    -5.404     0.350    -3.688    -2.444     4.874    -0.315     3.031     1.413    -1.567    -4.246
tmax2m       1521676800  216   -10.617    -3.911    -3.622    -5.495   -11.835    -0.959   -10.400   -15.081   -11.873    -2.642   -12.486    -8.945    -2.742   -10.823   -10.455     1.959    -4.473    -0.238    -1.619    -5.583   -11.188
tmax2m       1521698400  222   -17.233    -6.092   -11.664    -8.469   -15.354    -3.269   -12.761   -16.871   -13.229    -4.115   -16.722    -9.884    -5.239   -22.184   -15.440     0.432    -5.633    -1.938    -4.241    -6.627   -19.935
tmax2m       1521720000  228    -7.211    -4.095    -0.536    -5.908    -7.813    -5.953    -7.867    -2.676    -8.378     1.201    -8.829    -6.033    -3.658    -3.697    -3.119     2.313    -1.673     3.178    -1.800    -0.192    -3.619
tmax2m       1521741600  234    -6.833    -3.642    -0.238    -5.489    -7.508    -7.026    -7.837    -1.943    -8.132     1.041    -8.568    -5.889    -3.439    -3.270    -3.084     2.651    -1.059     3.076    -1.504     0.034    -2.315
tmax2m       1521763200  240   -12.328    -6.635    -6.141   -10.812   -10.989    -9.434   -13.044    -4.921   -11.679    -2.733   -14.420    -9.333    -6.130   -13.520    -7.465     0.371    -4.136    -0.473    -5.786    -4.472   -10.702
dd10m        1520920800    6   292.263   275.547   273.523   280.913   310.628   291.603   307.343   265.279   286.688   289.693   277.434   280.640   308.079   299.734   275.461   279.258   291.207   294.851   279.295   279.466   302.878
dd10m        1520942400   12   293.026   287.216   290.139   282.562   304.419   288.697   313.111   291.623   295.605   286.579   290.038   290.641   307.077   295.387   282.544   286.968   286.598   294.494   292.120   285.126   288.142
dd10m        1520964000   18   295.564   290.622   294.684   290.080   300.960   300.163   306.249   299.181   295.444   300.756   297.220   294.579   299.964   297.139   292.091   289.732   297.175   293.987   302.375   291.620   300.666
dd10m        1520985600   24   275.670   262.057   278.981   271.627   276.225   262.824   270.502   275.363   270.486   279.752   266.383   276.002   279.422   270.395   283.478   282.451   283.634   282.821   282.642   278.388   271.083
dd10m        1521007200   30   287.831   282.194   288.722   280.760   287.839   266.216   284.572   270.029   276.619   272.451   283.744   292.888   287.103   281.992   305.508   294.692   300.711   298.310   298.530   294.441   269.924
dd10m        1521028800   36   272.156   318.516   178.587   309.755   209.977   307.171   207.542   228.472   278.030   217.892   266.772   295.556   216.732   237.663   343.128   260.105   322.806   257.962   100.461   304.019   260.259
dd10m        1521050400   42   151.523   141.485   156.185   141.461   152.206   146.025   160.648   150.782   150.734   153.826   153.934   151.957   157.948   154.673   137.119   154.701   148.342   155.007   156.451   144.098   157.160
dd10m        1521072000   48   176.546   175.259   176.242   177.323   177.664   177.492   178.223   175.798   177.611   177.712   175.409   177.219   175.834   175.521   176.858   177.879   178.193   174.474   178.955   175.713   178.095
dd10m        1521093600   54   173.891   175.198   172.058   175.838   176.106   174.965   173.811   172.637   173.882   172.283   172.158   174.883   172.772   172.248   173.101   174.569   177.625   173.124   180.166   174.302   176.203
dd10m        1521115200   60   169.170   169.362   164.789   169.509   167.415   165.956   168.469   160.606   164.096   164.588   166.493   170.440   167.107   165.522   168.436   170.608   171.520   169.487   170.644   168.972   171.469
dd10m        1521136800   66   161.897   160.824   169.022   162.290   170.573   161.974   161.454   176.041   161.762   171.030   176.371   166.512   165.097   166.128   164.482   169.218   170.371   162.139   157.659   167.578   166.412
dd10m        1521158400   72   176.754   167.119   201.690   166.456   184.008   183.253   176.279   222.745   185.674   192.884   195.051   174.126   188.818   198.108   166.042   170.692   180.936   175.150   179.682   200.246   177.465
dd10m        1521180000   78   213.139   250.197   288.001   201.892   207.311   254.199   271.043   285.623   276.941   171.267   313.452   249.948   231.920   233.376   195.925   160.382   224.810   237.878   286.147   201.246   206.787
dd10m        1521201600   84   290.541   301.347    14.328   270.467   196.744   307.256   288.839   322.289   296.681   144.760   321.580   302.528   234.628   262.759   249.492   224.281   189.115   299.952   306.394   156.697   204.808
dd10m        1521223200   90    13.697    42.786    96.487   343.993   160.605    17.549    71.855   123.868   122.345   162.020   123.873   349.418   133.732    61.681   299.888   289.109   159.607    39.348    26.160   151.200   157.073
dd10m        1521244800   96   108.414    57.685   133.214   177.774   172.878   127.262   176.721   244.106   138.093   224.524   157.562     8.240   171.422    25.784   359.941   279.028   164.094   148.955   174.378   159.654   313.525
dd10m        1521266400  102    35.747   352.671    99.689   116.392   220.426   101.034   152.344   323.337   100.573   321.323   126.798    20.724   205.923    14.087   357.276   291.618   116.836    41.981   143.640    14.790   350.552
dd10m        1521288000  108     1.637   355.402    51.217    47.285   299.634    22.867    34.930   359.548    44.270   349.247   354.650    21.088   349.150    23.577   348.866   327.188   350.263    13.253    54.945   336.217   354.755
dd10m        1521309600  114   355.347   352.339    15.752    13.842   335.969    14.997    24.311    39.743    11.739     0.783     8.095    22.362   352.997    30.342   359.345   352.491   327.738   359.158    18.134   318.055     0.678
dd10m        1521331200  120   354.280   359.197     1.629    16.018   292.950    16.226    20.164   100.697   357.059     5.067     8.248    10.200   333.992    40.872     6.475   332.907   331.129    10.639    23.935   308.235     6.289
dd10m        1521352800  126     0.855     1.619     7.813    24.279   282.530     9.939    45.907    43.176     0.585     6.306   359.642     0.830   318.618    53.875    16.504    21.068   330.196    29.956     7.780   320.102   115.717
dd10m        1521374400  132    62.972    21.640    21.625    65.818   289.604    34.388   133.825    38.968    23.197    14.057   352.922     1.949   321.280    90.247    47.869   152.619   332.659    60.990   349.651   331.292    79.224
dd10m        1521396000  138   101.737    82.533    30.672    60.187   325.109    57.625   132.495    16.593   100.053    41.141   348.347    63.608    17.166   107.925    87.146   141.030   349.583    92.877    13.408   351.055   119.099
dd10m        1521417600  144   157.158   163.282    16.364   165.390   252.629   169.958   143.984    14.305   168.398   267.078   288.979   154.632   134.949   148.423   154.337   177.948   356.807   250.541   174.984   280.897   161.077
dd10m        1521439200  150   138.888   153.895    35.415   159.262   256.625   173.083    30.281   348.859   170.477     5.826   188.511    70.858   113.015   146.732   159.027   159.206    12.835   335.189   159.391   286.699   183.726
dd10m        1521460800  156    84.334   134.348    77.226   159.379   226.569     6.860   353.084   329.932   101.687     1.186   170.293    56.381   141.824   126.440   142.955   160.771    27.915   116.099   169.193    27.492    30.818
dd10m        1521482400  162    45.134    24.531    49.094   151.705    49.014     3.131   350.720   327.136   110.346   347.487   155.089    23.963   145.253   104.831   107.899   165.420    21.233   167.379   157.742    25.453    29.138
dd10m        1521504000  168    58.877   333.834    54.465   157.866   173.934   266.965   341.699   320.402   151.539   326.704   174.301    14.479   165.308   126.810    19.015   181.228    21.748   182.727   181.121    44.743    64.471
dd10m        1521525600  174    54.724   357.952    48.920    98.638   158.333   207.936   341.111   316.140   131.878   324.428   178.581    13.506   165.128    82.389    14.352   167.836    13.208   197.950   140.578    56.161    17.416
dd10m        1521547200  180    44.338   125.483    59.830   100.019   134.900   184.919   340.774   310.028    70.851   344.003   323.444    28.039   142.190    45.993    10.983   171.484    55.170   147.747    83.951    49.407    24.033
dd10m        1521568800  186    37.590   132.696    72.939    28.575     9.020   167.906   348.429   327.584    50.904   345.398   357.228    14.529   128.272    18.490     3.660   163.970    29.353    39.967    98.299    42.373     7.975
dd10m        1521590400  192    54.211   145.786   109.746    14.243   322.264   177.563     4.304   331.391   358.864   258.148   349.807     4.675   168.170     9.854   328.485   166.293   180.401   297.035   125.242    61.779     5.650
dd10m        1521612000  198    27.464   355.063   112.410   350.741   334.844   180.728    18.940   326.761   327.382   209.876   349.747   359.944    20.424   357.966   313.184   168.457   205.443   246.264    76.154    65.142    27.143
dd10m        1521633600  204    24.071    18.990    82.428    15.312   343.673   210.753    18.630   324.436   340.029   209.608   353.964    14.436    27.404     8.215   357.349   158.545   207.048   202.033    30.318    69.912    42.380
dd10m        1521655200  210     5.676     7.375    86.335    18.406   350.655   264.158    10.683   357.826   321.731   179.777   347.051     0.659    17.230    14.715     0.956   159.879   266.546   173.590    11.195    66.487    36.272
dd10m        1521676800  216   333.661   338.562     7.105     6.934   320.880   329.614     7.567   204.722   256.430   200.168   306.216     3.295    10.267    23.250   262.639   225.226   275.926   191.694     7.289   165.004    57.953
dd10m        1521698400  222   332.428   319.663    24.509   355.012   305.413   350.674   358.263   203.192   314.397   195.072   296.843     2.635     6.457    47.515   302.173   329.837   341.399   190.198     5.841   171.368    51.028
dd10m        1521720000  228     0.259   351.798    31.747     6.944     5.471   353.578    11.240   234.133   324.032   217.343   322.548     4.658     9.343    32.926   352.674   328.642    21.001   224.440    10.393   112.530    57.253
dd10m        1521741600  234   354.069   356.361    43.680     4.459    45.195   350.960     3.059   156.316   331.457   188.758   294.622   351.486     3.665    45.438   356.940   338.176   105.369   263.710     7.368    15.891    47.740
dd10m        1521763200  240   301.310   317.950    61.050    19.008   200.872   338.646    17.278   184.074   264.188   171.338   212.583   329.534   357.432   198.632   248.407   338.675   180.458   337.356     7.617   275.606   158.778
ff10m        1520920800    6     1.203     0.927     1.242     1.150     1.259     1.555     1.430     0.959     0.892     1.357     1.041     1.337     0.994     1.090     1.341     1.459     1.375     1.474     1.111     1.448     1.290
ff10m        1520942400   12     1.515     1.638     1.705     1.804     1.504     1.528     1.652     1.656     1.327     1.431     1.603     1.603     1.416     1.195     2.016     1.677     1.801     2.091     1.550     1.989     1.461
ff10m        1520964000   18     1.785     1.874     1.846     1.790     1.651     1.604     1.555     1.876     1.759     1.739     1.660     1.856     1.801     1.755     1.917     1.914     1.814     1.843     1.847     1.901     1.735
ff10m        1520985600   24     2.218     2.409     2.232     2.426     1.943     2.204     2.080     2.009     2.171     1.920     2.431     2.318     2.029     2.365     2.243     2.287     2.116     2.130     1.998     2.300     2.051
ff10m        1521007200   30     1.546     1.855     1.503     1.650     1.329     1.660     1.322     1.340     1.606     1.431     1.881     1.756     1.497     1.587     1.801     1.780     1.473     1.665     1.413     1.748     1.629
ff10m        1521028800   36     0.337     0.750     0.634     0.573     0.668     0.661     0.952     0.363     0.373     0.304     0.602     0.559     0.850     0.139     0.806     0.385     0.421     0.429     0.224     0.578     0.574
ff10m        1521050400   42     1.542     1.154     1.738     1.535     1.649     1.363     1.987     1.629     1.324     1.774     1.669     1.615     1.821     1.663     1.339     1.855     1.671     1.796     1.970     1.567     1.601
ff10m        1521072000   48     3.242     2.584     3.252     3.087     3.422     3.358     3.309     3.286     3.059     3.318     3.468     3.264     3.506     3.341     3.050     3.468     3.212     3.348     3.514     2.949     3.509
ff10m        1521093600   54     4.040     3.777     4.076     4.057     3.981     3.902     4.290     3.988     3.921     3.973     4.291     4.132     4.234     4.064     3.833     4.231     3.926     4.175     4.088     4.106     4.107
ff10m        1521115200   60     4.851     4.617     4.852     4.606     4.738     4.456     4.920     5.042     4.644     4.841     5.041     4.884     5.103     4.720     4.786     5.138     4.816     5.210     4.629     4.823     4.820
ff10m        1521136800   66     4.280     4.708     3.683     4.903     4.044     3.835     4.660     4.091     3.948     3.625     3.711     4.596     4.252     3.774     4.425     3.942     4.539     4.684     4.473     4.078     3.965
ff10m        1521158400   72     3.281     4.600     1.823     4.463     2.649     2.466     3.448     1.607     2.382     2.194     1.652     3.090     3.091     2.257     3.799     2.953     3.058     3.949     3.226     2.382     2.964
ff10m        1521180000   78     2.159     2.433     0.879     3.076     1.973     1.879     2.687     1.089     2.098     2.046     1.024     1.473     1.904     1.484     1.967     3.292     1.098     2.129     2.726     1.540     1.994
ff10m        1521201600   84     1.836     1.855     0.530     2.420     1.987     2.018     1.580     0.720     0.748     1.923     1.175     2.726     1.062     0.403     2.196     3.267     0.712     1.608     2.314     1.521     2.044
ff10m        1521223200   90     1.178     1.204     1.142     0.310     2.601     1.549     0.453     0.731     1.639     1.245     1.288     1.763     1.115     0.922     0.462     2.699     2.545     1.083     0.651     1.960     1.353
ff10m        1521244800   96     0.613     0.150     1.597     1.513     3.168     1.495     2.157     0.207     2.163     1.135     2.022     0.951     2.094     1.874     0.802     1.645     2.199     1.316     2.223     2.133     1.774
ff10m        1521266400  102     0.978     1.870     1.319     0.798     1.515     0.709     0.328     1.031     1.533     1.656     0.268     2.021     0.571     3.197     1.397     1.772     0.686     1.738     1.457     1.841     2.420
ff10m        1521288000  108     3.135     3.081     1.430     0.782     2.075     2.124     3.137     1.859     2.487     2.982     2.951     3.295     2.685     2.943     2.657     1.986     0.541     3.994     1.606     2.284     1.866
ff10m        1521309600  114     3.600     3.032     3.330     1.732     2.792     3.539     3.683     1.422     3.545     3.037     2.630     3.089     3.303     2.402     3.260     2.417     2.722     4.073     2.594     2.525     2.024
ff10m        1521331200  120     2.581     2.672     2.336     1.125     1.834     3.020     2.043     0.805     2.696     2.299     2.159     2.192     1.876     1.396     2.044     1.385     3.962     2.857     1.960     2.017     0.139
ff10m        1521352800  126     1.642     2.429     2.659     1.394     2.099     2.804     1.510     1.691     2.326     2.082     2.551     2.242     0.794     2.148     1.923     0.448     3.707     1.768     1.178     2.778     0.412
ff10m        1521374400  132     1.066     2.375     3.335     1.372     2.345     2.291     2.279     2.504     2.050     2.712     3.063     1.961     1.255     2.510     1.854     1.650     3.678     0.763     1.296     2.605     0.797
ff10m        1521396000  138     1.743     2.021     2.595     1.488     1.620     1.583     2.647     2.981     1.706     2.095     1.781     1.646     1.179     2.361     1.755     1.124     2.596     1.503     1.337     1.667     1.499
ff10m        1521417600  144     1.813     2.495     2.104     1.784     1.584     1.463     2.416     2.227     2.144     0.120     1.082     1.361     0.395     2.589     1.892     0.889     1.590     0.579     2.611     0.971     1.795
ff10m        1521439200  150     1.211     2.645     2.612     2.843     1.272     0.897     0.880     2.699     1.608     1.374     1.914     1.879     1.071     2.477     2.257     2.264     1.793     1.138     3.480     1.066     0.950
ff10m        1521460800  156     2.242     3.112     2.766     3.319     1.060     1.762     2.699     4.055     1.275     3.079     1.800     3.310     1.649     2.545     2.089     3.135     3.024     0.789     3.003     1.605     2.125
ff10m        1521482400  162     2.150     0.797     2.492     2.690     1.275     1.828     3.111     3.471     1.741     3.330     2.205     3.626     1.930     2.352     1.310     3.032     2.514     1.973     1.636     2.350     2.162
ff10m        1521504000  168     1.884     2.109     1.732     2.926     2.048     1.249     2.042     3.427     1.672     2.974     2.641     2.859     2.941     2.044     1.398     2.515     1.310     3.853     1.683     1.318     1.186
ff10m        1521525600  174     1.951     1.098     1.983     1.759     2.905     2.038     2.308     3.768     1.454     3.342     2.056     2.433     2.923     1.922     2.761     2.973     1.196     2.580     1.102     1.376     1.316
ff10m        1521547200  180     3.100     1.331     2.934     2.517     3.116     3.091     4.130     5.499     2.544     4.459     0.355     3.151     2.371     3.380     3.608     4.185     1.774     0.286     1.852     2.325     2.097
ff10m        1521568800  186     2.621     1.605     2.146     3.632     3.632     3.552     2.208     6.106     2.262     2.528     2.427     2.753     1.984     4.088     2.451     4.125     1.612     0.760     1.765     2.297     2.925
ff10m        1521590400  192     1.945     1.392     1.322     2.405     5.485     4.832     1.700     4.825     2.634     0.936     3.782     1.887     0.857     3.674     1.881     4.967     1.156     1.551     1.676     1.461     2.046
ff10m        1521612000  198     2.191     1.423     1.105     2.301     2.937     3.239     1.561     2.417     2.878     1.555     4.259     2.420     1.972     2.903     1.482     4.459     1.734     1.272     1.099     1.153     2.132
ff10m        1521633600  204     3.794     2.445     1.433     2.757     3.757     1.670     3.907     2.538     4.299     1.349     5.481     4.237     2.550     4.295     2.597     3.128     1.714     1.582     2.702     1.470     4.349
ff10m        1521655200  210     3.003     2.022     1.020     2.812     2.916     0.744     3.278     1.558     2.067     1.844     4.244     3.544     2.686     3.048     1.883     1.898     0.313     1.817     3.134     1.004     3.351
ff10m        1521676800  216     1.382     1.924     0.208     2.298     1.598     1.824     3.091     1.636     2.013     2.693     1.817     3.226     2.470     1.660     0.765     0.858     0.873     2.979     3.003     1.196     2.185
ff10m        1521698400  222     1.432     2.001     0.510     2.077     1.186     2.530     2.930     2.072     2.395     2.963     2.589     3.287     2.473     0.824     1.252     2.207     2.042     2.323     2.950     1.373     1.874
ff10m        1521720000  228     3.648     3.069     2.307     3.191     1.672     4.159     4.040     0.407     3.632     1.865     3.985     3.530     3.144     2.400     2.642     2.639     1.277     1.767     3.697     0.882     3.088
ff10m        1521741600  234     1.669     2.853     1.547     2.602     0.877     5.370     2.991     1.415     2.242     1.010     1.722     2.399     3.193     1.169     2.258     2.615     1.038     0.599     2.493     0.792     2.231
ff10m        1521763200  240     1.147     2.481     0.706     0.997     0.714     3.910     2.146     2.415     1.667     1.824     3.146     1.760     2.495     2.139     0.519     2.252     2.245     2.789     0.698     1.031     1.728
apcpsfc      1520920800    6     1.087     1.937     0.721     0.674     1.656     0.497     1.478     0.951     1.348     0.879     0.738     2.124     3.012     1.666     0.293     1.180     0.634     0.674     1.092     0.646     1.549
apcpsfc      1520942400   12     2.310     1.928     2.193     1.982     3.025     1.502     2.587     2.595     3.326     1.846     2.284     1.827     3.659     3.109     1.110     1.256     1.825     1.978     2.009     1.459     2.178
apcpsfc      1520964000   18     1.311     1.182     1.266     1.089     1.554     1.826     2.032     1.208     1.790     1.689     1.564     1.528     1.584     1.226     1.216     1.071     1.350     1.245     1.804     0.943     1.314
apcpsfc      1520985600   24     0.430     0.316     0.411     0.512     0.331     0.335     0.339     0.291     0.305     0.414     0.354     0.441     0.373     0.380     0.721     0.669     0.608     0.495     0.604     0.726     0.339
apcpsfc      1521007200   30     0.409     0.403     0.260     0.451     0.443     0.175     0.452     0.183     0.150     0.248     0.488     0.607     0.443     0.313     0.844     0.661     0.577     0.696     0.518     0.588     0.309
apcpsfc      1521028800   36     0.597     0.587     0.454     0.445     0.423     0.572     0.573     0.336     0.489     0.338     0.367     0.608     0.428     0.571     0.876     0.547     0.735     0.676     0.616     0.456     0.589
apcpsfc      1521050400   42     0.555     0.556     0.500     0.523     0.571     0.710     0.632     0.447     0.543     0.726     0.506     0.448     0.440     0.514     0.845     0.497     0.768     0.575     0.458     0.409     0.561
apcpsfc      1521072000   48     0.048     0.015     0.045     0.000     0.051     0.074     0.023     0.012     0.074     0.042     0.037     0.035     0.048     0.000     0.096     0.037     0.122     0.033     0.026     0.000     0.048
apcpsfc      1521093600   54     0.048     0.000     0.029     0.000     0.074     0.122     0.057     0.000     0.048     0.048     0.066     0.048     0.096     0.048     0.000     0.048     0.067     0.048     0.074     0.074     0.074
apcpsfc      1521115200   60     0.722     0.143     0.730     0.674     0.578     0.456     0.965     0.557     0.504     0.896     0.947     0.504     0.711     0.774     0.361     1.018     0.224     0.578     0.361     0.409     0.796
apcpsfc      1521136800   66     0.705     0.918     1.342     1.028     1.420     0.891     0.630     1.101     0.951     1.134     1.645     0.853     0.690     0.879     0.954     1.125     1.357     0.609     1.384     0.695     1.443
apcpsfc      1521158400   72     1.362     0.483     2.578     1.428     2.344     1.440     2.083     3.674     1.984     1.475     2.621     2.212     1.371     1.749     1.056     2.661     1.790     1.330     2.609     1.732     2.520
apcpsfc      1521180000   78     3.937     3.643     3.752     2.149     4.322     5.428     5.406     4.888     4.893     1.091     5.715     8.005     4.121     4.753     3.153     3.289     5.514     3.462     6.095     2.345     4.612
apcpsfc      1521201600   84     5.010     5.011     3.008     5.211     1.923     4.583     3.284     4.116     1.106     2.483     4.919     6.277     4.117     3.859     5.428     1.997     4.987     2.780     2.786     1.077     4.160
apcpsfc      1521223200   90     4.323     3.014     5.021     4.208     0.552     3.577     2.431     3.259     3.446     5.408     2.812     3.406     3.873     5.592     5.511     6.077     2.612     3.059     0.841     1.263     4.323
apcpsfc      1521244800   96     4.044     4.235     2.587     2.161     0.394     2.937     1.196     2.282     2.379     6.344     1.787     2.984     1.744     5.341     5.674     3.142     1.927     3.072     0.170     0.306     9.847
apcpsfc      1521266400  102     4.234     6.090     3.908     3.372     2.020     3.685     0.250     1.380     2.756     5.789     2.424     3.706     1.034     4.209     5.584     1.824     3.946     1.838     1.199     3.845     5.350
apcpsfc      1521288000  108     4.629     5.753     5.728     4.533     2.670     3.925     0.922     1.050     3.643     4.784     5.398     3.364     4.666     2.850     3.249     2.401     5.914     3.853     3.790     8.093     3.913
apcpsfc      1521309600  114     4.030     4.090     5.721     6.531     2.516     5.524     2.930     1.191     4.464     3.868     3.667     1.928     3.953     2.932     4.114     3.243     6.513     4.422     5.894     4.985     4.148
apcpsfc      1521331200  120     1.508     2.974     1.632     6.680     1.581     3.327     0.545     0.303     1.847     1.202     2.125     0.597     0.847     0.775     1.492     0.687     4.896     1.590     4.096     3.954     1.009
apcpsfc      1521352800  126     1.078     1.822     1.310     2.754     1.079     1.655     0.184     0.545     0.989     1.209     2.163     0.763     0.784     1.034     1.729     0.325     3.396     0.884     3.433     3.096     1.181
apcpsfc      1521374400  132     0.494     0.991     1.266     1.043     0.898     1.695     0.075     2.189     0.486     1.332     1.958     0.566     0.898     1.869     1.624     0.248     1.941     0.339     2.819     2.684     3.941
apcpsfc      1521396000  138     1.092     1.082     1.562     2.084     1.779     2.885     1.150     3.918     0.595     1.333     1.923     0.552     5.387     2.725     1.439     3.587     1.138     0.621     3.866     2.486     3.962
apcpsfc      1521417600  144     0.939     0.191     1.934     0.715     0.844     3.024     0.992     1.796     0.308     0.117     0.263     0.468     5.730     0.318     0.397     4.425     0.144     0.913     0.634     0.977     1.015
apcpsfc      1521439200  150     0.459     0.045     3.110     0.223     0.000     2.387     1.560     0.989     0.096     0.043     0.000     0.409     3.678     0.053     0.027     1.142     0.086     0.886     0.435     1.142     0.330
apcpsfc      1521460800  156     0.595     0.822     1.590     0.148     0.000     0.912     4.105     0.723     0.430     0.368     0.139     1.076     3.029     0.222     0.157     0.416     0.308     1.460     4.934     2.054     1.481
apcpsfc      1521482400  162     2.724     5.914     1.371     0.287     1.886     1.330     4.293     0.889     2.657     1.184     1.178     2.737     4.352     1.652     1.093     0.905     0.499     4.085     1.678     3.504     2.704
apcpsfc      1521504000  168     1.372     4.392     0.148     0.222     2.197     0.282     3.061     1.654     0.908     0.244     0.191     1.836     0.509     0.175     0.371     1.825     0.109     0.741     1.386     1.657     1.665
apcpsfc      1521525600  174     1.532     0.918     0.000     2.749     0.407     0.000     2.212     1.606     0.112     0.187     0.096     0.939     0.948     0.218     0.270     0.389     0.000     1.222     0.860     0.674     0.201
apcpsfc      1521547200  180     2.603     2.080     0.033     3.134     0.366     0.048     1.498     2.046     0.631     0.544     0.648     2.383     0.822     0.614     0.222     0.639     0.008     2.443     0.552     0.853     0.492
apcpsfc      1521568800  186     3.040     3.578     0.217     3.481     4.647     1.385     0.999     3.489     3.813     0.418     2.530     2.539     2.096     1.241     0.170     0.658     0.360     3.261     2.299     2.251     0.980
apcpsfc      1521590400  192     1.382     2.172     0.000     4.467     6.830     0.368     0.307     2.075     3.552     0.074     1.883     1.262     0.717     0.619     0.143     0.965     0.139     0.837     1.530     1.450     0.318
apcpsfc      1521612000  198     0.916     0.806     0.000     3.535     0.788     4.836     0.126     0.805     3.345     0.000     1.363     0.814     0.499     0.165     0.000     0.262     0.000     0.026     1.681     1.233     0.122
apcpsfc      1521633600  204     0.753     0.839     0.000     2.863     1.388     9.222     0.458     0.355     1.049     0.000     1.262     0.887     1.087     0.000     0.000     0.684     0.121     0.033     0.970     0.870     0.040
apcpsfc      1521655200  210     0.932     3.934     0.297     3.922     1.642     9.206     0.703     0.243     0.771     0.641     0.910     0.825     2.036     0.026     0.122     2.172     2.488     0.371     1.874     2.938     0.038
apcpsfc      1521676800  216     0.153     4.907     0.180     3.096     0.821     7.811     0.474     0.000     0.075     0.808     0.191     1.056     2.273     0.026     0.000     2.336     2.682     0.960     1.631     1.903     0.026
apcpsfc      1521698400  222     0.026     3.258     0.023     2.093     0.464     7.280     0.416     0.000     0.621     0.351     0.293     1.182     2.597     0.000     0.043     3.281     1.668     1.572     1.426     0.560     0.016
apcpsfc      1521720000  228     0.100     2.924     0.000     1.968     0.412     6.287     0.498     0.143     1.309     1.344     1.078     0.726     2.819     0.000     0.798     2.531     0.554     0.679     1.373     0.465     0.000
apcpsfc      1521741600  234     0.249     3.724     0.074     1.805     1.776     3.461     0.454     1.646     1.151     5.959     0.424     0.757     3.238     0.000     0.934     1.994     0.662     3.978     1.063     2.365     0.025
apcpsfc      1521763200  240     0.000     2.582     0.026     0.894     2.095     1.938     0.238     0.682     0.187     4.141     0.017     0.410     1.969     0.000     0.127     1.842     0.624     8.801     0.127     0.916     0.000
tmp2m        1520920800    6    -4.168    -3.406    -5.327    -5.956    -3.309    -4.404    -3.582    -5.908    -4.154    -4.831    -7.271    -3.265    -2.992    -3.455    -7.605    -4.071    -5.724    -4.711    -4.971    -6.015    -3.694
tmp2m        1520942400   12     1.076     1.509     1.090     1.278     0.536     1.353     0.488     1.199     0.960     1.154     1.111     1.447     0.719     0.869     1.409     1.743     1.085     0.950     1.390     1.364     0.998
tmp2m        1520964000   18    -2.681    -3.295    -2.748    -2.978    -2.849    -2.095    -2.652    -2.812    -2.360    -2.573    -2.663    -2.507    -2.686    -2.858    -2.838    -2.722    -2.558    -2.711    -2.193    -3.049    -2.634
tmp2m        1520985600   24    -7.363    -9.517    -7.489    -7.924    -8.812    -9.229    -7.458    -9.173    -8.540    -7.888    -9.273    -7.311    -7.502    -7.925    -4.662    -5.066    -6.116    -5.952    -5.414    -5.019    -8.246
tmp2m        1521007200   30    -5.859   -10.518    -5.988    -9.042    -5.446   -10.421    -5.037    -7.783    -8.158    -5.550    -7.989    -6.685    -5.197    -8.890    -4.452    -5.037    -4.688    -4.614    -4.417    -4.959    -7.847
tmp2m        1521028800   36     0.988     0.770     0.734     1.004     1.246     1.086     1.103     1.257     0.950     1.181     1.012     0.929     1.121     1.052     0.771     1.133     0.850     0.879     1.233     0.965     0.982
tmp2m        1521050400   42    -3.897    -4.904    -2.982    -4.972    -3.180    -3.116    -2.342    -3.886    -3.818    -2.902    -3.366    -3.578    -2.807    -3.546    -2.549    -2.961    -3.470    -3.058    -2.615    -5.162    -3.521
tmp2m        1521072000   48    -4.644    -6.052    -5.089    -5.205    -4.353    -4.353    -5.344    -5.310    -4.760    -4.379    -4.812    -4.677    -4.789    -4.825    -4.805    -4.179    -4.536    -4.772    -4.160    -5.267    -4.917
tmp2m        1521093600   54    -4.201    -5.330    -4.298    -4.098    -3.902    -4.122    -3.788    -4.131    -4.607    -4.077    -3.743    -3.907    -3.859    -3.971    -4.850    -3.676    -4.440    -3.967    -3.744    -4.109    -3.786
tmp2m        1521115200   60     1.503     2.024     1.705     2.023     2.393     1.708     2.040     1.742     1.768     1.774     1.410     2.075     1.875     1.924     1.694     1.586     2.110     1.470     2.440     1.758     2.220
tmp2m        1521136800   66    -0.706    -0.802    -0.715    -0.455    -0.454    -1.123    -0.236    -0.983    -0.943    -0.671    -0.790    -0.433    -0.675    -0.672    -1.071    -0.560    -0.819    -0.814    -0.498    -0.808    -0.385
tmp2m        1521158400   72    -1.642    -1.098    -2.546    -0.957    -1.084    -2.204    -0.845    -2.609    -2.286    -2.531    -1.801    -0.968    -1.920    -2.416    -1.628    -1.049    -1.554    -1.656    -1.338    -2.322    -1.064
tmp2m        1521180000   78    -1.594    -1.640    -2.709    -1.455    -1.241    -2.268    -1.511    -2.874    -1.994    -2.769    -2.006    -1.222    -2.235    -2.127    -2.513    -0.469    -1.790    -2.091    -1.749    -3.253    -0.942
tmp2m        1521201600   84     1.466     1.233     1.507     1.966     2.385     1.669     1.640     0.866     2.082     2.434     1.000     0.241     1.858     1.428     0.913     1.819     1.471     2.293     1.209     2.361     1.898
tmp2m        1521223200   90    -0.891    -1.618    -0.903    -1.159    -0.270    -1.186    -1.541    -2.520    -0.470    -0.117    -1.349    -1.778    -1.092    -1.372    -1.226    -1.240    -0.163    -1.081    -4.331    -0.795    -0.457
tmp2m        1521244800   96    -2.923    -2.838    -1.993    -2.789    -1.771    -3.108    -2.310    -5.730    -1.838    -1.713    -2.309    -4.329    -2.612    -2.548    -2.516    -3.988    -1.300    -2.512    -5.240    -2.744    -1.692
tmp2m        1521266400  102    -3.423    -4.007    -3.195    -3.976    -3.111    -3.691    -8.833    -5.086    -3.922    -3.032    -3.928    -4.377    -4.984    -3.901    -3.456    -5.630    -2.555    -2.916    -4.351    -2.698    -3.105
tmp2m        1521288000  108    -1.693    -2.472    -3.167    -0.338    -0.178    -1.044     0.794     0.104    -2.854    -1.977    -2.488    -1.619    -0.645    -2.115    -1.211    -1.255     0.338    -0.034     0.036    -1.256    -1.250
tmp2m        1521309600  114    -4.422    -3.973    -9.112    -2.688    -3.238    -3.046    -3.100    -3.879    -8.076    -4.886    -4.545    -4.067    -2.823    -4.665    -4.231    -4.254    -2.214    -2.515    -2.380    -3.226    -2.986
tmp2m        1521331200  120    -6.629    -4.529   -12.756    -4.845    -6.015    -5.052    -5.645   -12.894   -11.032    -7.018    -6.563    -6.494    -4.885    -7.676    -7.323    -6.431    -5.993    -4.279    -4.299    -4.950    -6.021
tmp2m        1521352800  126    -7.999    -5.730   -14.970    -6.956    -6.421    -6.630    -8.133    -5.881   -12.067    -8.185    -7.771    -7.105    -5.256    -7.641    -8.099    -9.206    -8.508    -6.253    -5.573    -5.729    -6.284
tmp2m        1521374400  132    -1.752    -2.176   -10.340    -1.943    -0.722    -2.891     0.501    -1.496    -5.011    -4.019    -4.709    -1.864     0.387    -2.687    -3.029    -0.417    -5.119    -0.683    -1.983    -3.094    -0.800
tmp2m        1521396000  138    -6.847    -6.405   -14.124    -5.350    -4.310    -5.101    -3.333    -3.863    -9.558    -6.875    -9.141    -8.200    -2.720    -5.121    -6.229    -3.377    -8.935    -6.264    -4.005    -6.285    -3.360
tmp2m        1521417600  144    -6.778    -6.976   -16.751    -6.734   -13.549    -6.094    -4.298    -6.426    -8.157   -18.031   -11.767    -8.582    -4.606    -7.118    -7.044    -4.950   -15.412    -5.663    -7.352   -12.184    -6.527
tmp2m        1521439200  150    -8.919    -7.685   -15.154    -6.335   -16.095    -6.395    -5.695    -8.183    -9.963   -15.771   -14.506    -8.300    -4.832    -7.857    -6.802    -6.561   -14.065    -6.357    -4.988    -9.025    -8.121
tmp2m        1521460800  156    -1.949     0.205    -7.522    -0.957    -0.030    -0.726    -3.311    -4.532    -1.848    -4.197    -1.800    -2.939     0.183     0.014     0.166     0.917    -5.655    -0.442    -0.487    -3.550    -1.453
tmp2m        1521482400  162    -4.702    -2.448   -10.793    -4.405    -4.975    -5.850    -6.871    -9.032    -4.986    -9.201    -4.597    -6.616    -2.734    -2.481    -3.141    -2.727   -10.858    -2.979    -1.377    -6.109    -3.739
tmp2m        1521504000  168    -7.445    -5.162   -17.629    -5.527    -5.341   -13.808    -9.369   -10.319    -7.654   -12.938    -8.229    -9.850    -5.985    -4.979    -9.784    -3.628   -19.421    -4.953    -3.801    -9.609    -8.601
tmp2m        1521525600  174    -8.401    -7.222   -15.258    -4.100    -6.566   -13.245   -10.592   -11.041    -9.945   -15.186    -8.159   -11.394    -5.623    -6.053    -6.519    -4.672   -19.196    -4.562    -5.853   -10.918   -11.471
tmp2m        1521547200  180    -4.941    -1.213    -3.214     0.707    -0.770     0.265    -6.901    -8.093    -2.416    -8.405    -0.074    -7.039     1.027     0.803    -1.989     2.724    -4.343     0.509     1.803    -3.422    -0.260
tmp2m        1521568800  186    -8.270    -3.222    -6.668    -1.733    -3.698    -3.267   -10.501    -9.910    -7.118   -13.310    -3.662    -9.446    -2.499    -3.360    -9.152     0.066    -8.620    -2.518    -0.886    -6.035    -4.430
tmp2m        1521590400  192   -10.994    -5.085   -22.521    -4.032    -7.361    -3.195   -13.631   -12.315   -10.145   -21.993    -7.638   -11.534    -8.631    -7.135   -12.535     0.488   -17.277    -5.954    -3.125    -8.783    -9.771
tmp2m        1521612000  198   -11.907    -6.930   -19.967    -5.436   -10.032    -1.448   -16.301   -14.406   -12.409   -16.038   -10.475   -10.745    -3.581   -10.678   -19.280     1.398   -12.943   -12.344    -3.171    -9.190   -12.718
tmp2m        1521633600  204    -6.139    -0.753    -0.628    -2.320    -7.579     1.329    -6.055    -8.477    -8.454     0.566    -7.939    -5.565     0.332    -3.704    -2.748     4.569    -0.322     2.460     1.261    -1.668    -4.350
tmp2m        1521655200  210   -10.643    -4.249    -3.875    -5.486   -11.860    -0.825   -10.228   -14.974   -11.671    -3.527   -12.328    -9.050    -2.736   -10.809   -10.738     2.068    -4.246    -0.495    -1.705    -5.245   -10.854
tmp2m        1521676800  216   -17.189    -5.998   -13.423    -8.576   -15.370    -3.368   -12.844   -22.132   -20.910    -4.483   -18.506   -10.141    -5.124   -23.073   -21.660    -0.136    -6.728    -2.002    -4.250    -6.793   -21.646
tmp2m        1521698400  222   -18.369    -7.380   -14.446   -10.369   -20.354    -6.617   -14.379   -17.706   -13.407    -5.656   -17.262   -11.026    -6.986   -25.030   -15.493     0.118    -7.406    -2.893    -5.799    -8.322   -21.774
tmp2m        1521720000  228    -7.211    -4.095    -0.536    -5.908    -7.813    -7.153    -7.867    -2.708    -8.405     1.144    -8.829    -5.985    -3.658    -3.697    -3.119     2.265    -1.673     3.062    -1.800    -0.192    -3.619
tmp2m        1521741600  234   -12.685    -6.631    -6.821   -10.355   -12.105    -9.301   -13.703    -5.562   -11.705    -3.230   -14.160    -9.508    -6.074   -17.536    -7.587     0.520    -5.132    -0.468    -5.469    -4.265   -11.009
tmp2m        1521763200  240   -23.396    -9.969   -18.727   -13.869   -14.306   -12.414   -15.749    -7.307   -22.976    -3.821   -16.608   -10.838    -8.251   -14.853   -20.775    -1.598    -4.910    -2.609   -17.594   -10.824   -14.842
tcdcclm      1520920800    6     7.344     7.047     6.963     7.112     7.520     7.287     7.522     7.050     7.022     7.215     7.164     7.627     7.451     7.156     6.731     7.212     7.250     7.341     7.820     7.457     7.628
tcdcclm      1520942400   12     6.883     6.834     7.142     6.949     7.198     6.925     6.777     6.894     7.385     6.862     6.677     6.943     7.284     7.275     6.439     6.839     6.722     6.559     7.046     6.872     6.582
tcdcclm      1520964000   18     7.313     6.977     7.351     7.197     7.003     7.545     7.173     7.012     7.498     7.202     7.072     7.539     7.312     7.344     7.157     7.261     7.297     7.332     7.322     7.198     7.244
tcdcclm      1520985600   24     6.408     5.030     6.175     6.564     5.420     5.467     7.136     5.290     6.463     5.823     5.604     7.142     6.524     5.890     7.293     7.566     6.883     7.074     7.093     7.115     6.651
tcdcclm      1521007200   30     6.807     3.033     6.044     6.841     6.116     5.209     6.798     5.450     5.555     5.895     6.257     7.197     6.707     6.255     7.777     7.447     7.341     7.204     7.401     7.238     6.171
tcdcclm      1521028800   36     7.389     6.173     7.099     6.757     6.675     6.474     7.130     6.698     7.214     6.255     6.887     7.225     7.061     7.179     7.380     7.276     7.432     7.155     7.378     7.333     7.292
tcdcclm      1521050400   42     4.761     5.886     5.256     5.518     5.360     5.493     4.831     5.009     5.242     5.428     5.163     5.202     5.046     4.711     6.002     5.128     5.870     5.050     5.232     5.155     4.628
tcdcclm      1521072000   48     3.923     2.347     4.208     3.426     4.097     4.259     3.583     3.183     4.075     4.030     3.460     4.044     3.971     3.745     4.226     3.950     4.111     4.067     4.155     2.671     4.028
tcdcclm      1521093600   54     4.979     2.715     4.513     4.819     5.919     5.451     4.690     4.730     4.563     4.770     5.543     4.722     4.995     5.695     4.040     5.464     5.098     5.399     5.283     3.775     6.026
tcdcclm      1521115200   60     6.834     6.479     7.364     7.321     7.260     7.088     7.464     6.900     6.773     7.229     7.311     6.867     6.998     7.214     5.890     7.203     6.472     7.324     6.635     6.508     6.958
tcdcclm      1521136800   66     7.629     7.259     7.862     7.615     7.825     7.389     7.591     7.823     7.797     7.777     7.862     7.776     7.823     7.664     7.874     7.615     7.729     7.690     7.639     7.755     7.825
tcdcclm      1521158400   72     7.333     7.766     7.323     7.938     7.367     7.487     7.826     7.631     7.573     7.117     7.829     7.305     7.208     7.487     7.549     7.238     7.795     7.067     7.853     7.512     6.811
tcdcclm      1521180000   78     7.193     7.391     7.112     6.553     7.434     7.774     7.299     7.848     7.717     6.689     7.905     7.944     7.134     7.443     7.815     7.840     7.807     6.784     7.635     6.884     7.636
tcdcclm      1521201600   84     7.554     7.673     7.427     7.626     6.680     7.671     7.376     7.812     7.293     7.296     7.861     7.851     7.469     7.878     7.811     7.115     7.908     6.762     7.501     5.770     7.793
tcdcclm      1521223200   90     7.460     7.306     7.765     6.735     6.442     7.638     7.046     7.166     7.571     7.908     6.568     7.734     6.914     7.629     7.762     7.813     7.660     6.387     5.452     6.782     7.596
tcdcclm      1521244800   96     7.786     7.936     7.768     6.448     7.513     7.545     7.909     7.375     7.941     7.844     7.504     7.777     7.208     7.750     7.638     7.747     7.849     7.316     4.864     7.655     7.951
tcdcclm      1521266400  102     7.886     7.886     7.842     7.439     7.771     7.920     7.194     6.711     7.821     7.920     7.858     7.873     6.926     7.894     7.829     7.710     7.913     7.899     6.884     7.765     7.919
tcdcclm      1521288000  108     7.885     7.898     7.892     7.783     7.657     7.912     6.319     7.534     7.753     7.867     7.819     7.899     7.753     7.809     7.874     7.401     7.892     7.732     7.816     7.871     7.920
tcdcclm      1521309600  114     7.846     7.847     7.885     7.727     7.354     7.912     7.901     6.797     7.845     7.913     7.737     7.843     7.920     7.879     7.811     7.686     7.847     7.884     7.920     7.855     7.933
tcdcclm      1521331200  120     7.951     7.899     7.802     7.843     6.392     7.941     7.987     6.189     7.941     7.892     7.818     7.205     7.893     7.884     7.807     7.776     7.895     7.887     7.948     7.899     7.531
tcdcclm      1521352800  126     7.719     7.905     7.883     7.858     7.330     7.907     7.250     6.277     7.962     7.877     7.850     7.557     7.446     7.704     7.868     7.109     7.920     7.800     7.848     7.852     7.191
tcdcclm      1521374400  132     7.167     7.468     7.352     7.581     6.710     7.805     2.927     7.515     7.794     7.845     7.821     6.910     6.948     7.297     7.914     5.487     7.822     7.110     7.713     7.762     7.814
tcdcclm      1521396000  138     7.006     6.911     7.385     7.754     6.655     7.891     5.435     7.719     6.605     7.871     7.701     6.293     7.480     7.233     7.475     6.966     7.659     5.131     7.679     7.586     7.147
tcdcclm      1521417600  144     6.824     5.514     7.626     5.622     4.242     7.436     7.794     7.797     6.823     6.503     6.660     6.349     7.770     7.259     6.526     7.650     7.228     6.998     5.353     6.846     6.596
tcdcclm      1521439200  150     7.007     6.352     7.789     5.898     0.615     7.306     7.920     7.688     5.957     5.658     2.376     6.524     7.619     7.238     7.052     5.849     7.096     7.248     6.043     7.603     6.542
tcdcclm      1521460800  156     7.550     6.059     7.735     7.433     3.291     6.072     7.920     7.028     6.319     6.808     3.559     7.292     6.873     7.373     7.161     5.892     7.068     7.475     7.938     7.783     7.086
tcdcclm      1521482400  162     7.744     7.936     7.218     6.697     6.186     6.018     7.827     6.984     7.283     7.222     6.395     7.966     7.021     7.428     6.044     7.218     7.209     6.983     6.605     7.692     7.472
tcdcclm      1521504000  168     7.781     7.920     6.851     6.923     6.695     4.695     7.862     7.693     7.029     5.353     5.361     7.864     6.696     6.889     4.719     7.899     6.947     6.356     5.750     7.256     6.684
tcdcclm      1521525600  174     7.773     7.628     7.065     7.885     6.645     4.281     7.843     7.785     6.679     4.208     6.672     7.772     7.208     7.739     5.393     6.276     5.550     7.742     6.753     6.144     5.534
tcdcclm      1521547200  180     7.762     7.626     6.433     7.920     7.782     2.681     7.892     7.837     7.285     6.263     6.502     7.892     6.324     7.255     4.562     6.989     3.989     7.905     7.344     6.406     5.323
tcdcclm      1521568800  186     7.821     7.728     7.385     7.941     7.958     6.674     7.618     7.719     7.730     5.708     7.881     7.832     6.211     7.078     3.336     7.649     7.099     7.765     7.912     7.333     5.713
tcdcclm      1521590400  192     7.435     7.457     2.260     7.912     7.920     6.352     6.928     7.821     7.859     3.036     7.783     7.744     6.044     7.003     4.746     7.938     6.757     7.825     7.680     7.626     5.397
tcdcclm      1521612000  198     7.499     6.467     0.189     8.000     7.280     7.513     5.143     7.147     7.985     1.445     7.541     7.860     7.008     4.285     0.173     7.728     4.784     3.939     7.775     7.345     4.828
tcdcclm      1521633600  204     7.706     6.789     0.227     8.000     7.506     7.857     6.566     4.524     7.727     2.517     7.926     7.112     7.841     0.844     0.604     7.715     4.787     1.557     7.484     6.941     2.367
tcdcclm      1521655200  210     7.082     7.641     3.826     8.000     7.446     7.907     6.997     4.480     7.381     6.414     7.415     7.545     7.771     2.133     2.600     7.731     7.777     6.607     7.872     6.886     0.971
tcdcclm      1521676800  216     6.258     7.701     4.827     7.993     6.492     7.808     6.734     2.443     2.785     6.763     4.871     7.713     7.734     2.696     0.822     7.767     7.666     7.458     7.928     6.013     1.670
tcdcclm      1521698400  222     5.572     7.839     2.820     7.893     6.873     7.793     6.453     0.647     3.968     6.407     4.390     7.790     7.666     0.636     3.294     7.839     7.345     6.747     7.933     5.559     1.492
tcdcclm      1521720000  228     3.313     7.726     1.200     7.725     4.927     7.893     6.274     2.819     7.595     6.308     6.981     7.602     7.784     1.380     6.518     7.728     6.031     5.175     7.788     4.973     0.561
tcdcclm      1521741600  234     4.973     7.777     2.520     6.979     6.676     7.817     5.830     6.640     6.950     7.430     5.329     7.819     7.686     3.257     6.268     7.541     6.346     7.103     7.697     6.481     0.826
tcdcclm      1521763200  240     1.386     7.893     2.884     6.743     6.829     7.908     5.403     6.569     4.823     6.869     3.758     7.634     7.709     4.501     2.807     7.519     6.549     7.865     5.480     6.101     0.457
