# ASCII output from GENSvis.py
# Contains interpolated values from the
# GFS ensemble on 1.000000 x 1.000000 degrees
# The data in here are for station
# 11120: INNSBRUCK
# Station position:  11.3553 47.2589
# Used grid point 1: 12.0000 48.0000
# Used grid point 2: 12.0000 47.0000
# Used grid point 3: 11.0000 47.0000
# Used grid point 4: 11.0000 48.0000
varname    timestamp    step mem0      mem1      mem2      mem3      mem4      mem5      mem6      mem7      mem8      mem9      mem10     mem11     mem12     mem13     mem14     mem15     mem16     mem17     mem18     mem19     mem20     
tmax2m       1586498400    6   275.411   275.502   275.437   275.450   275.331   275.494   275.550   275.511   275.411   275.511   275.729   275.254   275.433   275.246   275.115   275.394   275.367   275.324   275.466   275.411   275.659
tmax2m       1586520000   12   284.530   284.339   284.690   284.669   284.609   284.493   284.889   284.213   284.350   284.851   284.256   284.832   284.688   284.547   285.122   284.351   284.863   284.706   284.351   284.579   284.514
tmax2m       1586541600   18   284.799   284.612   284.699   285.048   284.974   284.494   284.452   284.546   284.908   285.156   284.520   285.213   284.874   284.866   285.085   284.599   284.931   284.874   284.895   284.895   284.305
tmax2m       1586563200   24   277.181   277.451   277.188   277.350   276.325   277.396   276.854   277.277   276.576   276.938   277.434   276.610   277.362   276.494   276.296   276.951   277.269   277.254   277.120   277.213   277.446
tmax2m       1586584800   30   276.604   276.901   276.371   276.670   276.584   276.738   276.454   276.581   276.344   276.574   277.160   276.729   276.603   276.621   276.165   276.465   276.517   276.565   276.459   276.856   277.073
tmax2m       1586606400   36   284.805   284.622   284.545   284.632   285.388   285.193   284.422   284.323   284.384   285.212   284.173   284.444   284.326   284.497   285.578   284.641   284.955   285.507   285.036   284.856   284.478
tmax2m       1586628000   42   284.511   284.567   284.529   284.459   285.090   284.934   284.324   284.106   284.441   284.639   284.009   284.241   284.123   284.252   284.957   284.390   284.869   285.087   285.156   284.811   284.159
tmax2m       1586649600   48   277.979   277.956   277.760   278.242   278.177   278.321   277.758   277.784   277.796   278.279   278.119   277.783   277.749   277.845   278.175   277.910   278.114   278.065   278.119   277.938   278.227
tmax2m       1586671200   54   276.702   276.680   276.628   276.696   276.779   276.606   276.638   276.603   276.629   276.699   276.711   276.697   276.695   276.537   276.689   276.638   276.724   276.710   276.709   276.587   276.884
tmax2m       1586692800   60   284.543   284.405   284.518   285.034   284.626   284.597   284.828   283.189   284.548   285.006   284.361   284.205   284.420   284.537   284.718   284.507   284.822   284.620   284.886   284.016   285.152
tmax2m       1586714400   66   284.758   284.649   284.566   285.016   284.731   284.733   285.020   283.785   284.740   285.149   284.512   284.375   284.755   284.711   284.889   284.705   284.970   284.864   284.967   284.299   285.384
tmax2m       1586736000   72   277.347   277.195   277.524   276.515   277.524   276.766   277.714   277.143   277.193   277.271   277.527   277.503   277.491   276.914   277.424   277.411   277.445   277.643   277.990   277.566   277.357
tmax2m       1586757600   78   275.366   275.144   275.308   275.325   275.752   275.114   275.410   274.893   275.189   275.156   275.629   275.599   275.135   275.037   275.366   275.267   275.511   275.427   275.540   275.552   275.551
tmax2m       1586779200   84   283.140   283.841   284.100   283.550   283.298   284.175   283.097   283.912   284.039   284.304   284.348   283.264   282.622   283.989   283.176   282.831   282.324   282.602   283.061   282.868   282.434
tmax2m       1586800800   90   282.870   284.018   284.167   283.550   283.585   284.103   283.232   284.271   284.331   284.419   284.553   283.416   283.074   284.050   283.248   282.795   281.977   281.839   282.962   283.054   282.172
tmax2m       1586822400   96   276.010   276.227   276.325   276.460   276.222   276.450   276.704   275.577   276.654   277.642   277.394   275.660   275.365   275.218   276.865   276.782   275.762   275.314   276.376   276.958   276.285
tmax2m       1586844000  102   275.623   275.526   275.653   275.701   275.672   275.043   275.269   275.598   275.174   275.568   275.918   275.604   275.837   275.296   275.658   275.460   275.524   274.851   275.553   275.532   275.711
tmax2m       1586865600  108   281.867   282.132   281.369   282.183   279.873   282.178   279.638   279.461   279.701   281.188   280.717   283.775   280.905   279.314   282.570   279.322   283.357   277.977   283.119   280.517   280.583
tmax2m       1586887200  114   281.665   281.241   281.249   281.681   280.098   282.886   276.788   279.399   277.897   280.926   281.032   283.786   280.927   279.895   282.442   280.541   283.715   278.528   282.945   280.681   281.390
tmax2m       1586908800  120   276.031   276.098   276.065   276.394   275.811   276.762   269.426   275.793   272.296   277.055   276.386   277.460   275.495   274.942   276.781   275.263   276.898   274.789   276.210   276.303   275.392
tmax2m       1586930400  126   274.673   274.139   274.762   274.210   274.240   275.203   268.919   274.511   273.848   275.904   274.843   275.338   274.896   274.622   275.107   274.571   275.182   274.175   274.626   274.986   274.917
tmax2m       1586952000  132   283.398   284.017   283.467   281.439   281.586   285.006   277.328   282.867   283.308   284.684   283.973   283.890   284.176   283.849   283.953   283.679   284.872   282.694   282.823   282.943   284.047
tmax2m       1586973600  138   283.817   284.546   283.851   280.826   281.748   285.248   277.680   283.210   283.896   284.996   284.187   283.915   284.594   284.273   283.996   283.941   285.195   282.980   281.539   283.150   284.492
tmax2m       1586995200  144   277.857   278.067   277.992   276.357   276.739   278.486   272.663   277.856   276.386   278.655   277.923   276.842   277.717   277.594   277.981   276.996   279.210   276.844   276.901   277.367   278.316
tmax2m       1587016800  150   275.959   276.152   276.185   274.327   275.748   277.797   272.077   276.346   275.851   276.904   276.202   275.720   275.904   276.979   276.223   274.862   277.004   275.521   275.276   275.692   276.632
tmax2m       1587038400  156   282.147   286.980   284.237   277.372   285.682   284.517   280.240   286.739   285.744   287.269   285.923   285.208   286.020   287.149   284.098   283.020   282.974   284.128   278.883   282.231   285.958
tmax2m       1587060000  162   282.672   287.000   284.427   277.817   284.281   283.701   280.897   287.321   286.135   286.275   284.458   286.112   286.118   286.322   284.093   280.603   283.078   283.824   278.883   280.175   285.385
tmax2m       1587081600  168   277.634   279.565   278.659   276.177   278.552   278.446   274.901   280.206   279.039   279.845   279.081   279.190   278.064   279.723   279.319   275.667   278.702   278.496   276.878   276.299   279.967
tmax2m       1587103200  174   277.310   277.162   277.237   275.630   277.854   277.309   274.722   278.911   277.111   278.604   277.813   277.712   277.432   279.198   277.172   275.239   277.880   277.015   276.177   275.424   277.823
tmax2m       1587124800  180   287.690   283.500   288.376   282.852   288.589   287.198   282.704   284.844   287.005   289.584   289.143   288.141   283.791   288.681   284.560   285.175   287.764   287.910   281.011   283.878   287.563
tmax2m       1587146400  186   288.356   283.300   288.501   282.359   289.002   287.092   281.737   284.674   286.988   289.808   289.659   288.549   284.103   288.874   284.390   284.363   287.514   288.272   281.685   284.595   287.694
tmax2m       1587168000  192   280.064   277.625   281.293   277.917   281.926   279.918   276.713   279.952   280.739   281.827   281.447   279.903   277.445   280.734   279.330   278.417   281.368   279.903   277.604   276.870   279.088
tmax2m       1587189600  198   279.547   277.403   279.829   277.129   280.832   279.308   277.183   279.455   280.751   281.323   280.681   279.629   278.317   280.364   278.934   278.884   280.463   279.719   278.306   278.179   279.933
tmax2m       1587211200  204   290.345   283.585   292.469   288.487   289.684   289.551   287.164   282.191   289.634   291.554   291.366   290.382   289.071   291.842   291.006   289.966   291.603   290.105   289.452   289.304   292.439
tmax2m       1587232800  210   290.645   282.982   292.820   289.260   289.760   289.853   287.393   281.902   289.936   291.897   291.111   290.309   289.019   291.675   291.415   290.198   291.583   290.027   290.180   289.151   292.122
tmax2m       1587254400  216   282.385   278.628   283.859   281.866   283.097   283.912   280.932   279.679   281.899   284.143   283.865   281.863   280.667   283.941   284.375   282.306   283.303   283.816   281.408   279.508   282.620
tmax2m       1587276000  222   280.482   276.161   281.424   280.218   281.191   279.925   279.099   277.173   280.850   281.591   280.362   280.303   278.983   281.570   281.015   280.206   280.991   280.540   280.753   278.755   281.152
tmax2m       1587297600  228   286.479   288.926   289.686   286.512   290.128   287.882   289.637   287.600   289.956   290.731   290.179   284.041   287.416   291.336   291.099   288.473   288.498   286.528   292.032   286.061   292.808
tmax2m       1587319200  234   286.824   289.254   288.747   286.488   289.838   287.494   289.152   288.493   289.901   290.124   288.456   283.961   287.625   290.427   290.399   287.882   287.490   286.492   291.377   286.434   293.534
tmax2m       1587340800  240   281.743   281.324   282.515   280.977   283.094   282.521   282.677   280.009   282.837   282.700   282.112   280.164   280.454   282.776   284.076   282.255   282.212   282.321   282.890   279.124   284.383
dd10m        1586498400    6   184.254   184.614   180.916   180.190   183.314   180.251   189.118   178.854   186.898   190.673   175.300   186.118   187.141   189.588   188.906   179.520   186.199   185.025   181.418   186.894   186.336
dd10m        1586520000   12    33.660    32.408    33.885    56.524    48.667    36.099    27.975    41.848    30.527    21.470    33.643    25.241    40.197    47.338    19.450    35.342    25.773    44.932    42.890    42.086    31.949
dd10m        1586541600   18    36.288    33.425    34.942    40.921    47.735    36.721    36.340    43.726    37.285    33.608    42.488    32.063    35.167    29.373    27.401    35.206    33.750    31.565    29.237    37.671    43.421
dd10m        1586563200   24   358.172    12.218    11.586   212.408   210.735   221.023   323.066   336.449    13.344     6.926   317.013    14.639   305.488    14.034    27.975     2.556     3.617    72.241    24.619   186.876   267.867
dd10m        1586584800   30    15.374    17.249    15.796   292.541   279.214    22.726     0.471    16.662    11.889    19.832    11.093     6.957     9.696    11.982    24.226    15.685     9.053    16.557    10.667   321.029    11.902
dd10m        1586606400   36    39.451    39.540    41.990    41.566    51.095    52.418    31.078    28.220    34.066    47.861    34.320    31.991    31.257    41.517    59.364    38.807    47.938    44.005    41.038    37.639    38.586
dd10m        1586628000   42    89.926    85.188    91.096    92.650    98.987   103.610    79.871    76.400    79.889   107.192    87.213    82.246    77.390    96.101   109.863    85.303    95.315    91.401    96.605    83.129    91.341
dd10m        1586649600   48   189.175   189.577   188.391   188.722   189.614   189.607   187.722   188.218   188.014   192.200   187.297   186.966   191.297   188.609   193.338   190.877   189.990   192.846   186.077   188.384   192.607
dd10m        1586671200   54   201.085   202.339   201.761   203.356   201.363   202.976   199.176   203.174   205.157   204.788   200.835   202.299   200.921   200.773   206.970   202.079   201.228   202.682   201.270   196.776   203.727
dd10m        1586692800   60   208.119   201.980   213.182   219.215   204.596   209.024   207.521   210.055   218.866   207.244   212.371   220.170   200.666   216.056   213.077   204.554   212.112   199.741   199.219   200.876   211.475
dd10m        1586714400   66   171.126   172.035   173.020   188.650   173.021   184.254   169.888   186.251   173.756   178.143   174.573   168.933   171.130   171.791   168.297   173.871   176.449   170.226   172.510   171.417   169.535
dd10m        1586736000   72   194.412   196.451   196.396   194.687   195.011   198.871   191.382   200.841   196.829   191.965   195.231   194.649   194.180   197.397   193.054   192.961   194.824   195.636   192.265   192.688   193.429
dd10m        1586757600   78   195.525   197.738   194.514   189.275   197.624   201.386   190.418   193.724   192.452   192.805   194.106   194.144   195.201   196.152   193.460   192.235   191.963   200.849   192.233   193.010   193.974
dd10m        1586779200   84   202.004   191.925   195.816   193.974   200.719   250.590   200.382   204.872   200.910   194.988   195.188   191.682   212.109   210.450   204.946   205.724   200.311   216.349   189.541   191.679   215.026
dd10m        1586800800   90   158.719   277.735   147.662   173.335   151.997   344.341   188.530   203.954   178.709   170.784   154.145   178.531   240.459   244.651   207.810   196.312   334.916   241.504   169.830   152.533   262.517
dd10m        1586822400   96   203.841   277.713   203.436   186.515   202.085    16.322   191.930   203.947   194.689   184.343   196.905   195.249   214.381   328.665   203.112   212.743   257.422   233.067   193.810   212.194     1.613
dd10m        1586844000  102    48.001    35.359    46.998   158.565    46.314    45.411   208.617    17.225   227.929    82.890    74.424   161.207    16.141    16.638   131.441   355.061    75.528     1.198   191.477    56.152    29.497
dd10m        1586865600  108    62.942    78.915    67.921    97.716    71.993    93.002    19.412    53.732    17.745    82.855    99.138   105.297    56.825    44.809   127.465    49.986   116.146    41.393    98.759    91.826    72.295
dd10m        1586887200  114    85.211    91.023    92.332   109.232    99.285   116.442    42.813    76.487    53.801   111.697   117.326   118.810    87.646    68.996   129.172    82.162   120.923    76.609   105.779   111.013    93.525
dd10m        1586908800  120   156.939   153.812   153.565   146.511   149.001   170.064    87.182   158.692   127.373   167.091   156.336   157.362   149.337   149.244   157.015   154.141   168.094   150.223   140.960   152.274   161.576
dd10m        1586930400  126   159.413   153.682   158.382   153.132   154.242   175.325   103.532   167.268   150.891   169.164   157.668   164.546   157.127   172.659   168.513   144.752   172.920   156.665   152.646   159.943   175.955
dd10m        1586952000  132   152.740   146.053   152.622   146.509   142.200   161.650   115.253   157.106   149.603   142.555   140.442   151.860   149.106   135.109   140.914   140.626   164.850   153.347   152.250   157.782   121.188
dd10m        1586973600  138   156.081   157.934   160.126   164.848   156.696   167.393   114.642   161.357   161.112   160.369   150.367   177.934   156.371   147.267   150.408   131.403   157.055   149.207   153.990   165.825   152.442
dd10m        1586995200  144   177.667   183.230   183.268   195.376   185.757   183.610   166.829   189.205   181.620   188.260   177.695   188.961   185.239   194.320   176.060   166.885   184.529   181.008   173.668   183.312   179.264
dd10m        1587016800  150   184.800   184.396   192.025   227.431   200.879   176.274   176.750   201.962   192.040   206.988   195.972   196.912   186.339   255.300   169.579   168.125   200.221   183.345   349.506   176.278   205.745
dd10m        1587038400  156   216.439   187.489   196.698   243.159   294.480   198.691   121.081   165.733   177.092   153.658   219.417   136.703   202.350    90.617   164.408   179.525   209.102   167.847   346.135   209.758   233.215
dd10m        1587060000  162   163.078   196.735   176.868   196.356   105.730   203.387   146.610   165.992   172.226   123.380   151.333   146.412   226.329   121.657   168.479   186.001    85.981   164.117   336.100   260.840   302.515
dd10m        1587081600  168   205.757   189.789   195.866   227.011   182.451   215.088   206.925   187.957   201.711   184.825   188.138   188.624   236.172   210.010   193.586   197.958   184.981   186.160   343.779   279.430   281.513
dd10m        1587103200  174   192.930   197.647   198.698   217.137   171.594   301.848   218.945   191.800   182.396   184.537   199.689   218.915   318.263   231.912   194.200   201.303   213.610   191.733   357.476   287.621   300.918
dd10m        1587124800  180   158.465   233.816   164.605   223.005   144.398    79.529    47.216   198.005   173.834   147.757   169.186   133.391     6.002    58.649   213.909   312.883   126.711   295.141    56.727   310.756     8.338
dd10m        1587146400  186   134.924   242.403   163.899   178.553   151.542   114.000   136.064   190.241   168.849   143.468   173.434   131.430    19.341   111.575   170.608   123.937   142.010   116.104   126.878    18.138    81.794
dd10m        1587168000  192   186.393   240.521   191.096   194.449   180.452   171.622   197.971   198.812   181.432   185.028   221.116   187.810   191.026   188.390   200.512   203.872   193.311   173.760   190.367   184.259   168.944
dd10m        1587189600  198   182.818   248.426   187.827   194.068   184.058   157.624   185.927   249.115   193.255   181.119   204.249   205.778   161.651   189.567   189.263   157.347   193.485   180.705   194.443   192.436   163.247
dd10m        1587211200  204   209.150   303.567   199.486   193.124   180.598   153.213   177.284   323.355   191.318   139.930    72.032   325.379   108.305    91.041   131.068    84.155   181.879   156.592   131.831     5.979    83.658
dd10m        1587232800  210   228.366   328.879   271.971   191.561   173.138   158.323   145.411   345.734   112.443   165.111   134.796    32.689    84.341   123.937   134.778   129.329   253.237   161.453   111.837    52.350    98.585
dd10m        1587254400  216   246.993   295.577   199.765   201.142   212.315   180.904   187.644   321.501   214.167   201.923   192.403   196.113   187.588   197.251   183.079   189.230   304.328   191.065   196.217     6.095   186.565
dd10m        1587276000  222   311.156   221.694   225.014   248.749   196.973   180.372   199.683   226.765   261.021   213.625   222.900   194.165   181.530   211.227   192.529   212.676   333.088   214.363   202.480    11.813   215.387
dd10m        1587297600  228     1.411   305.873   339.315   286.855   165.716   155.159   162.001   286.443    27.266   339.138   208.268   256.111    31.796    18.153   193.473    82.360     2.444   353.196    61.261    22.161    42.056
dd10m        1587319200  234    23.311   344.348    17.750   318.234   141.735   165.394   156.991   304.051    22.911    10.255   296.953    94.279    98.658    27.241   178.570   111.816   357.868   142.039    97.411    45.728   347.696
dd10m        1587340800  240   124.867   232.400   354.824   306.515   209.165   181.379   195.959   294.238    91.006   303.405   204.221   160.520   173.385   192.119   195.904   181.736   350.414   198.916   204.854   139.099   280.914
ff10m        1586498400    6     1.119     0.993     1.110     1.098     1.246     1.162     1.097     1.080     1.107     1.191     0.957     1.147     1.269     1.079     1.094     1.082     1.155     1.207     0.954     1.118     1.214
ff10m        1586520000   12     0.738     0.781     0.706     0.546     0.539     0.816     0.886     0.856     1.031     1.056     0.752     0.657     0.745     0.700     0.814     0.652     0.627     0.662     0.628     0.685     0.799
ff10m        1586541600   18     1.228     1.398     1.323     0.852     0.998     1.220     1.178     1.228     1.406     1.385     1.158     1.182     1.127     1.304     1.465     1.095     1.330     1.227     1.229     1.214     1.126
ff10m        1586563200   24     0.102     0.245     0.485     0.873     0.807     0.119     0.399     0.176     0.106     0.399     0.154     0.403     0.162     0.549     0.861     0.249     0.081     0.183     0.201     0.482     0.385
ff10m        1586584800   30     1.229     1.284     1.261     0.529     0.107     1.125     1.349     1.390     1.255     1.159     1.220     1.267     1.203     1.277     1.073     1.180     1.056     0.816     1.244     0.263     1.069
ff10m        1586606400   36     1.449     1.452     1.551     1.403     1.156     1.231     1.618     1.639     1.702     1.161     1.577     1.623     1.619     1.526     1.003     1.413     1.314     1.155     1.409     1.290     1.369
ff10m        1586628000   42     1.248     1.234     1.279     1.253     1.184     1.180     1.302     1.380     1.348     1.065     1.237     1.366     1.221     1.217     0.982     1.154     1.190     1.092     1.323     1.131     1.056
ff10m        1586649600   48     2.191     2.177     2.225     2.227     2.168     2.343     2.152     2.028     2.179     2.220     2.145     2.151     1.992     2.192     2.279     2.043     2.223     2.135     2.323     2.029     2.159
ff10m        1586671200   54     2.175     2.053     2.246     2.257     2.135     2.294     2.240     2.029     2.182     2.290     2.200     2.139     2.017     2.269     2.100     2.097     2.200     2.055     2.287     2.089     2.172
ff10m        1586692800   60     1.924     1.801     1.781     2.111     1.971     2.075     1.905     1.564     1.792     2.013     2.115     1.663     1.708     1.793     1.649     1.899     2.001     1.717     2.222     1.915     1.870
ff10m        1586714400   66     1.791     1.799     1.733     1.252     1.781     1.605     1.843     1.752     1.589     1.769     1.727     1.506     1.882     1.692     1.777     1.796     1.748     1.910     2.206     1.980     1.647
ff10m        1586736000   72     3.128     3.069     3.055     3.042     2.930     2.770     3.440     2.821     3.065     3.182     3.064     2.994     3.269     2.940     3.264     3.257     2.995     3.164     3.383     3.338     3.034
ff10m        1586757600   78     2.819     2.604     2.757     3.210     2.586     2.494     3.174     2.691     2.926     3.064     2.784     2.633     2.872     2.691     3.121     3.089     2.807     2.719     2.732     2.805     2.932
ff10m        1586779200   84     1.665     1.055     1.297     2.331     1.548     0.570     2.778     1.650     1.954     1.891     1.691     2.391     1.671     1.389     2.123     2.304     1.700     1.249     2.263     1.786     1.927
ff10m        1586800800   90     0.520     0.178     0.736     1.485     0.457     0.996     1.219     0.372     1.061     1.151     0.665     0.818     0.179     0.129     0.697     0.714     0.413     0.325     1.212     0.758     0.395
ff10m        1586822400   96     1.832     0.527     1.556     2.454     1.493     1.218     2.637     1.755     2.404     2.245     0.715     2.277     1.448     0.619     1.603     2.012     0.441     1.741     2.399     1.301     1.278
ff10m        1586844000  102     0.409     1.946     0.908     1.176     1.399     2.218     1.504     1.760     1.099     1.014     1.963     1.364     1.981     2.534     1.922     1.742     1.551     2.064     1.591     2.246     2.360
ff10m        1586865600  108     3.351     3.017     3.520     3.126     3.283     2.758     2.890     3.273     4.167     3.624     2.992     2.960     3.353     3.074     2.923     3.311     2.614     3.633     2.691     3.372     2.602
ff10m        1586887200  114     2.699     2.423     2.961     3.019     2.763     2.405     4.006     2.581     3.358     2.831     2.548     2.795     3.145     2.814     2.396     2.976     2.541     3.174     3.178     2.607     2.139
ff10m        1586908800  120     3.028     2.712     3.295     3.741     2.757     3.222     2.622     2.716     2.705     3.152     2.810     3.762     3.112     2.262     2.893     3.281     3.268     3.280     4.063     3.316     2.309
ff10m        1586930400  126     2.881     2.768     3.377     3.851     2.661     3.511     3.306     2.468     3.057     2.060     2.440     3.970     2.630     2.275     2.631     2.597     2.969     2.831     4.313     3.164     1.828
ff10m        1586952000  132     3.467     3.639     2.957     3.169     2.572     3.350     3.887     2.760     3.748     3.108     3.192     4.203     2.908     2.012     2.011     3.080     2.183     3.129     4.185     3.600     1.758
ff10m        1586973600  138     2.833     3.046     3.396     1.634     2.555     3.339     2.820     2.827     3.578     2.664     3.291     3.134     2.580     1.894     2.050     1.993     2.828     2.390     2.360     3.409     2.742
ff10m        1586995200  144     4.073     3.795     4.585     2.197     3.559     4.163     2.670     3.533     4.421     3.501     4.167     3.363     3.750     2.146     2.507     3.092     4.229     3.071     1.456     4.616     3.655
ff10m        1587016800  150     3.459     4.087     3.693     1.528     2.966     3.969     1.709     1.878     3.515     2.495     3.446     2.464     3.814     0.572     2.188     3.444     2.195     2.499     1.116     4.490     3.357
ff10m        1587038400  156     2.189     3.923     2.267     0.775     1.611     3.128     1.639     2.088     2.908     0.660     0.725     1.303     3.335     0.999     2.541     2.588     1.233     1.799     1.349     3.765     1.546
ff10m        1587060000  162     1.059     2.679     1.572     0.741     1.205     1.117     1.467     1.584     3.554     0.893     1.431     1.768     1.269     1.350     2.523     2.005     0.570     1.014     1.821     1.995     0.745
ff10m        1587081600  168     2.041     3.194     2.714     2.059     2.194     2.126     2.017     3.002     3.588     2.293     2.585     2.228     1.729     1.748     3.429     2.504     2.213     2.006     1.618     1.983     1.652
ff10m        1587103200  174     1.565     2.774     2.138     1.991     2.182     0.607     1.219     2.584     2.817     2.339     2.492     1.367     0.957     0.933     2.689     2.038     1.678     1.845     1.224     1.568     0.966
ff10m        1587124800  180     0.837     2.242     1.869     1.543     2.220     1.772     0.879     2.560     4.391     1.354     1.490     1.099     1.907     1.936     1.835     0.292     1.414     0.540     1.812     2.072     2.619
ff10m        1587146400  186     1.371     1.053     1.334     1.247     2.373     1.764     1.459     2.005     3.719     0.824     1.288     0.995     1.277     1.510     1.399     1.062     1.414     1.539     1.465     1.870     1.865
ff10m        1587168000  192     2.629     2.449     3.380     2.807     3.435     2.409     2.212     2.612     3.699     2.080     1.982     2.490     1.009     2.223     2.678     0.935     2.793     2.314     2.083     1.491     2.128
ff10m        1587189600  198     2.648     1.585     2.603     2.396     3.299     2.413     1.908     1.666     2.628     1.680     1.507     2.079     1.137     1.706     2.019     1.391     2.435     2.238     1.711     1.349     1.987
ff10m        1587211200  204     1.960     2.926     1.595     1.814     2.895     3.766     1.248     1.575     1.241     1.938     1.204     0.330     0.892     1.403     1.672     1.387     1.328     2.487     0.917     0.637     1.805
ff10m        1587232800  210     0.778     2.868     0.535     1.088     2.437     2.832     1.443     1.908     0.480     1.243     1.272     0.906     1.244     1.017     1.906     1.715     1.469     2.439     0.903     0.826     1.739
ff10m        1587254400  216     1.705     1.362     1.650     2.408     2.267     3.071     2.706     1.629     1.728     2.358     2.562     0.872     1.569     1.888     3.212     2.818     0.905     2.974     1.709     0.530     2.109
ff10m        1587276000  222     1.302     1.352     2.069     1.345     2.359     2.571     2.121     1.520     1.094     2.124     1.967     0.838     1.334     1.615     2.992     1.120     0.963     1.975     1.047     2.213     1.158
ff10m        1587297600  228     2.564     1.101     2.547     0.722     0.756     2.548     1.201     1.877     1.286     1.143     1.283     0.530     0.936     0.902     1.941     1.296     1.278     1.306     1.037     3.874     1.192
ff10m        1587319200  234     1.916     1.644     1.777     1.083     1.070     2.683     1.268     1.372     1.831     0.403     0.856     0.558     1.149     1.405     1.224     0.372     1.257     1.490     0.964     2.841     2.568
ff10m        1587340800  240     0.946     2.283     2.830     1.313     1.212     2.920     2.546     2.237     0.983     0.954     1.660     1.886     2.429     1.314     2.832     2.076     1.598     1.660     1.200     1.339     1.859
apcpsfc      1586498400    6     0.000     0.000     0.000     0.000     0.000     0.000     0.000     0.000     0.000     0.000     0.000     0.000     0.000     0.000     0.000     0.000     0.000     0.000     0.000     0.000     0.000
apcpsfc      1586520000   12     0.048     0.048     0.048     0.048     0.000     0.048     0.037     0.048     0.048     0.048     0.074     0.000     0.048     0.000     0.000     0.048     0.048     0.000     0.048     0.000     0.074
apcpsfc      1586541600   18     0.170     0.170     0.184     0.217     0.170     0.217     0.170     0.170     0.170     0.170     0.318     0.170     0.170     0.124     0.112     0.217     0.160     0.256     0.217     0.170     0.509
apcpsfc      1586563200   24     0.015     0.048     0.020     0.027     0.012     0.020     0.000     0.027     0.012     0.012     0.048     0.017     0.020     0.010     0.003     0.015     0.015     0.000     0.012     0.015     0.056
apcpsfc      1586584800   30     0.000     0.000     0.000     0.000     0.000     0.010     0.000     0.010     0.000     0.000     0.014     0.000     0.000     0.000     0.000     0.000     0.000     0.000     0.000     0.000     0.014
apcpsfc      1586606400   36     0.125     0.196     0.110     0.161     0.093     0.126     0.148     0.135     0.122     0.149     0.196     0.135     0.196     0.142     0.091     0.152     0.126     0.088     0.068     0.158     0.183
apcpsfc      1586628000   42     1.129     1.273     0.805     1.257     1.154     0.916     0.864     0.801     0.535     1.357     1.239     0.636     1.092     1.112     1.060     1.138     1.124     0.994     0.479     0.861     1.462
apcpsfc      1586649600   48     1.391     1.608     0.964     1.104     1.633     0.821     0.512     0.545     0.466     1.531     1.274     0.495     0.738     1.006     1.527     1.162     1.358     0.769     0.636     0.339     1.926
apcpsfc      1586671200   54     0.987     1.038     0.949     0.366     0.801     0.496     0.817     1.438     0.812     0.394     1.183     1.164     0.921     0.524     0.848     1.128     0.626     0.889     0.812     1.278     0.629
apcpsfc      1586692800   60     0.100     0.271     0.148     0.052     0.124     0.043     0.075     0.789     0.249     0.023     0.170     0.397     0.295     0.049     0.137     0.170     0.034     0.167     0.070     0.461     0.053
apcpsfc      1586714400   66     0.447     0.509     0.597     0.721     0.567     0.922     0.385     1.335     0.673     0.353     0.756     0.803     0.400     0.591     0.663     0.512     0.373     0.265     0.557     0.611     0.470
apcpsfc      1586736000   72     0.086     0.237     0.211     0.259     0.411     0.205     0.059     0.947     0.245     0.341     0.300     0.216     0.067     0.165     0.234     0.143     0.177     0.093     0.047     0.016     0.660
apcpsfc      1586757600   78     0.034     0.072     0.083     0.050     0.129     0.099     0.026     0.081     0.114     0.006     0.135     0.465     0.015     0.194     0.055     0.010     0.089     0.097     0.001     0.035     0.061
apcpsfc      1586779200   84     0.065     0.023     0.057     0.000     0.133     0.174     0.000     0.000     0.009     0.000     0.026     0.035     0.023     0.009     0.010     0.000     0.191     0.235     0.051     0.083     0.160
apcpsfc      1586800800   90     0.703     0.885     0.428     0.320     0.401     1.227     0.332     0.245     0.218     0.037     0.132     0.707     0.290     0.605     0.413     0.223     1.516     1.618     0.772     0.888     1.031
apcpsfc      1586822400   96     0.433     1.532     0.386     0.209     0.511     1.679     0.404     0.383     0.263     0.043     0.089     0.377     0.393     0.726     0.287     0.567     0.435     0.470     0.352     1.136     0.581
apcpsfc      1586844000  102     0.000     0.136     0.009     0.000     0.438     0.184     0.112     0.357     0.021     0.692     0.287     0.020     0.053     0.259     0.009     0.016     0.009     0.070     0.000     0.232     0.480
apcpsfc      1586865600  108     0.196     0.511     0.409     0.236     0.898     0.143     1.247     1.164     1.255     0.314     0.854     0.079     0.594     0.517     0.000     0.637     0.053     0.626     0.057     1.034     0.356
apcpsfc      1586887200  114     0.572     2.045     0.577     1.280     1.162     0.232     2.883     1.846     0.476     0.587     1.156     0.390     0.069     0.053     0.710     0.184     0.158     0.509     0.428     2.122     1.298
apcpsfc      1586908800  120     0.680     0.680     0.285     0.201     0.833     0.053     1.485     0.596     0.048     0.545     0.237     0.000     0.359     0.127     0.048     1.187     0.000     0.782     0.354     0.838     0.746
apcpsfc      1586930400  126     0.053     0.000     0.053     0.074     0.371     0.000     0.519     0.100     0.122     0.382     0.000     0.000     0.074     0.280     0.048     0.074     0.000     0.053     0.079     0.413     0.127
apcpsfc      1586952000  132     0.000     0.000     0.000     0.719     0.980     0.000     0.143     0.033     0.000     0.048     0.026     0.000     0.000     0.052     0.175     0.000     0.000     0.000     0.466     0.000     0.046
apcpsfc      1586973600  138     0.012     0.000     0.000     1.957     0.557     0.000     0.184     0.011     0.000     0.000     0.000     0.727     0.000     0.114     0.354     0.010     0.000     0.022     0.276     0.037     0.124
apcpsfc      1586995200  144     0.010     0.010     0.000     2.630     0.000     0.048     0.490     0.014     0.000     0.000     0.000     0.055     0.000     0.000     0.000     0.000     0.000     0.000     0.100     0.072     0.000
apcpsfc      1587016800  150     0.143     0.000     0.000     6.122     0.000     0.000     0.920     0.000     0.048     0.000     0.010     0.396     0.000     0.000     0.014     0.000     0.067     0.000     2.533     0.043     0.000
apcpsfc      1587038400  156     1.872     0.000     0.165     5.662     0.292     1.441     0.265     0.000     0.000     0.049     0.406     0.053     0.048     0.100     0.926     1.027     1.960     0.302     5.756     1.858     0.150
apcpsfc      1587060000  162     0.430     0.800     0.807     6.050     0.588     0.122     0.387     0.191     0.000     1.033     0.459     0.000     0.749     0.249     0.726     3.178     2.103     0.483     8.599     4.913     1.570
apcpsfc      1587081600  168     0.017     0.509     0.018     3.933     0.000     0.000     0.048     0.621     0.000     0.096     0.000     0.000     1.939     0.000     0.320     0.723     0.466     0.012     2.817     0.441     0.380
apcpsfc      1587103200  174     0.000     0.150     0.000     0.756     0.000     0.033     0.048     0.982     0.000     0.000     0.000     0.000     0.852     0.000     0.140     1.366     0.000     0.000     0.837     0.170     0.053
apcpsfc      1587124800  180     0.000     1.239     0.000     0.214     0.000     0.096     0.824     1.911     0.000     0.000     0.000     0.000     2.010     0.012     0.597     0.245     0.026     0.000     0.380     0.062     0.000
apcpsfc      1587146400  186     0.048     3.554     0.000     0.952     0.000     0.301     5.647     1.911     0.143     0.042     0.000     0.000     3.398     0.696     1.233     0.827     0.136     0.026     0.127     0.224     0.000
apcpsfc      1587168000  192     0.000     0.845     0.000     0.000     0.048     0.055     1.778     2.773     0.239     0.000     0.000     0.000     0.555     0.134     0.000     0.057     0.000     0.010     0.000     0.000     0.000
apcpsfc      1587189600  198     0.000     0.079     0.000     0.000     0.000     0.000     0.003     3.956     0.048     0.000     0.000     0.000     0.000     0.000     0.000     0.000     0.000     0.000     0.000     0.000     0.000
apcpsfc      1587211200  204     0.000     1.644     0.000     0.000     0.371     0.000     0.303     5.438     0.557     0.000     0.133     0.054     0.111     0.023     0.000     0.000     0.037     0.012     0.000     0.000     0.000
apcpsfc      1587232800  210     0.014     2.277     0.861     0.394     1.341     0.000     1.335     4.193     2.093     0.000     1.136     0.521     1.793     0.246     0.005     0.124     2.073     0.533     0.254     0.121     0.106
apcpsfc      1587254400  216     0.620     0.183     0.415     1.312     1.312     0.051     0.018     0.437     0.749     0.020     0.141     0.733     1.029     0.015     0.000     0.052     0.711     0.497     0.000     0.059     0.010
apcpsfc      1587276000  222     1.053     0.003     0.005     2.672     0.061     0.012     0.010     0.062     0.269     0.372     0.118     2.313     0.075     0.000     0.000     0.003     0.175     1.195     0.000     0.026     0.000
apcpsfc      1587297600  228     1.109     0.000     0.442     2.761     0.129     0.827     0.048     0.000     0.423     0.320     0.596     3.904     1.361     0.369     0.295     1.521     1.317     2.060     0.000     0.016     0.000
apcpsfc      1587319200  234     1.046     0.000     1.857     6.419     3.160     2.463     1.626     0.008     2.442     1.336     8.335     6.661     2.858     3.855     2.290     6.238     5.262     5.111     0.194     0.060     0.000
apcpsfc      1587340800  240     0.063     0.138     4.575     3.074     3.949     2.293     0.769     0.144     0.274     1.649     5.457     3.762     0.651     0.559     0.050     0.531     2.121     2.975     0.003     0.000     0.000
tmp2m        1586498400    6   275.411   275.502   275.437   275.450   275.314   275.494   275.550   275.511   275.411   275.511   275.729   275.254   275.433   275.198   275.115   275.403   275.367   275.324   275.433   275.411   275.659
tmp2m        1586520000   12   284.442   284.313   284.494   284.621   284.530   284.282   284.472   284.139   284.060   284.355   284.155   284.447   284.451   284.547   284.516   284.246   284.500   284.495   284.351   284.404   284.150
tmp2m        1586541600   18   277.312   277.671   277.157   277.543   277.112   277.326   277.306   277.566   277.305   277.296   277.556   276.732   277.520   277.298   276.946   277.417   277.338   277.228   277.326   277.509   277.879
tmp2m        1586563200   24   272.418   272.953   272.466   272.736   272.582   273.026   272.433   272.832   272.255   273.138   273.137   273.090   272.530   273.075   272.714   272.346   272.194   272.237   272.612   272.423   273.178
tmp2m        1586584800   30   276.594   276.901   276.371   276.670   276.584   276.738   276.454   276.581   276.344   276.556   277.129   276.729   276.603   276.612   276.165   276.438   276.508   276.565   276.476   276.809   277.064
tmp2m        1586606400   36   284.805   284.622   284.545   284.632   285.388   285.193   284.396   284.296   284.384   285.186   284.173   284.444   284.300   284.497   285.552   284.641   284.920   285.459   285.036   284.856   284.399
tmp2m        1586628000   42   278.082   278.068   277.959   278.202   278.228   278.298   277.836   278.091   277.938   278.208   278.208   277.913   277.948   278.013   278.169   277.987   278.191   278.115   278.029   278.046   278.251
tmp2m        1586649600   48   275.684   275.811   275.661   275.956   275.876   275.728   275.604   275.520   275.451   276.012   275.854   275.624   275.718   275.683   275.924   275.772   275.779   275.726   275.703   275.521   276.336
tmp2m        1586671200   54   276.654   276.537   276.532   276.361   276.636   276.357   276.590   276.555   276.620   276.290   276.606   276.697   276.638   276.250   276.403   276.628   276.381   276.614   276.461   276.492   276.524
tmp2m        1586692800   60   284.543   284.405   284.470   284.923   284.502   284.463   284.828   283.162   284.505   284.958   284.319   284.157   284.420   284.554   284.691   284.443   284.813   284.524   284.759   284.016   285.136
tmp2m        1586714400   66   277.405   277.328   277.473   276.470   277.470   276.829   277.774   276.973   277.218   277.239   277.475   277.554   277.516   276.989   277.490   277.427   277.396   277.619   278.017   277.545   277.441
tmp2m        1586736000   72   274.245   273.817   274.399   274.160   274.562   273.705   274.464   273.932   274.056   274.321   274.840   274.492   273.913   273.837   274.233   274.338   274.663   274.261   274.651   274.444   274.461
tmp2m        1586757600   78   275.207   274.890   275.113   274.917   275.458   274.876   275.240   274.603   274.877   274.893   275.418   275.328   275.016   274.733   275.104   275.073   275.376   275.240   275.497   275.509   275.203
tmp2m        1586779200   84   283.087   283.841   284.100   283.523   283.224   284.150   283.097   283.912   284.039   284.182   284.295   283.290   282.622   283.989   283.176   282.783   282.203   282.506   283.061   282.868   282.386
tmp2m        1586800800   90   276.763   276.904   277.304   276.621   276.988   276.791   276.800   276.764   276.853   277.538   277.044   276.249   276.568   276.512   277.520   277.051   276.406   276.179   276.414   277.142   276.859
tmp2m        1586822400   96   273.084   274.165   272.648   273.953   274.043   274.264   274.133   273.203   273.858   274.671   274.423   273.405   274.095   273.566   272.929   273.959   272.105   272.800   273.603   274.202   272.884
tmp2m        1586844000  102   275.597   275.454   275.609   275.692   275.482   274.913   275.243   275.487   275.155   275.483   275.611   275.604   275.766   275.169   275.554   275.396   275.476   274.751   275.553   275.388   274.866
tmp2m        1586865600  108   281.558   281.964   280.659   281.891   279.830   282.178   276.913   278.986   277.554   280.459   280.616   283.660   280.629   279.219   282.489   278.994   283.357   277.925   282.933   280.508   280.583
tmp2m        1586887200  114   276.156   276.376   276.264   276.768   276.093   277.031   269.788   275.957   272.844   277.206   276.655   277.459   274.943   274.647   277.045   274.875   277.002   274.522   276.453   276.547   275.374
tmp2m        1586908800  120   274.054   273.786   274.177   273.656   273.803   274.389   266.386   274.025   270.007   275.042   273.946   274.117   274.334   273.457   274.043   274.004   274.128   273.515   274.242   274.402   274.051
tmp2m        1586930400  126   274.515   273.991   274.477   274.083   274.109   275.045   268.919   274.124   273.831   275.534   274.791   275.338   274.508   274.605   275.072   273.956   275.155   273.714   274.393   274.118   274.821
tmp2m        1586952000  132   283.398   284.017   283.467   281.221   281.586   285.006   277.280   282.815   283.282   284.658   283.925   283.759   284.176   283.823   283.616   283.679   284.872   282.694   281.525   282.943   284.047
tmp2m        1586973600  138   278.153   278.353   278.287   276.625   277.004   278.798   272.832   278.116   276.699   278.940   278.262   277.099   277.882   277.848   278.367   277.102   279.553   277.017   277.165   277.681   278.506
tmp2m        1586995200  144   274.242   274.312   274.745   274.107   273.708   276.510   270.104   274.869   273.352   274.628   274.126   274.600   273.685   273.276   274.002   273.207   276.187   272.971   273.564   275.058   274.651
tmp2m        1587016800  150   275.959   276.152   276.185   274.081   275.748   277.797   272.059   276.346   275.851   276.904   276.192   275.687   275.904   276.979   276.249   274.862   276.870   275.521   275.249   275.692   276.632
tmp2m        1587038400  156   281.657   286.980   284.220   277.372   285.034   282.443   280.066   286.739   285.744   286.454   284.429   285.102   286.020   286.709   283.785   281.361   282.921   283.767   278.691   280.381   285.480
tmp2m        1587060000  162   278.088   279.793   279.084   276.011   278.435   278.533   275.086   280.239   279.298   280.347   279.564   279.387   278.204   280.067   279.479   275.939   278.802   278.398   276.872   276.494   279.943
tmp2m        1587081600  168   274.222   276.356   275.158   275.602   275.748   274.274   271.758   277.942   274.929   276.966   275.930   275.157   274.517   275.492   276.742   274.238   277.054   275.625   275.569   274.675   276.872
tmp2m        1587103200  174   277.310   277.162   277.220   275.139   277.854   277.293   274.722   278.911   277.111   278.604   277.861   277.712   277.195   279.198   277.105   275.230   277.854   277.006   276.129   275.251   277.665
tmp2m        1587124800  180   287.642   283.390   288.376   281.226   288.589   287.097   282.326   284.770   286.957   289.584   289.143   288.141   283.791   288.681   284.446   284.793   287.374   287.910   280.447   283.869   287.536
tmp2m        1587146400  186   280.512   278.047   281.366   277.961   282.137   280.518   276.855   280.171   280.849   282.411   281.636   280.235   277.615   281.005   279.643   278.386   281.815   279.975   277.930   277.434   279.567
tmp2m        1587168000  192   277.330   275.131   277.683   275.447   278.767   276.697   274.672   278.315   279.529   278.384   277.955   277.381   273.828   277.401   276.666   273.571   278.224   277.261   275.315   273.732   276.720
tmp2m        1587189600  198   279.547   277.360   279.829   277.129   280.832   279.308   277.183   279.420   280.735   281.323   280.579   279.620   278.317   280.364   278.934   278.884   280.463   279.719   278.306   278.126   279.933
tmp2m        1587211200  204   290.329   283.080   292.353   288.105   289.657   289.551   287.068   282.052   289.634   291.554   291.366   290.382   288.832   291.720   290.958   289.966   291.522   290.058   289.356   289.161   292.391
tmp2m        1587232800  210   283.053   278.828   284.188   281.973   283.714   284.029   281.178   279.699   282.465   284.550   284.154   282.377   281.389   284.309   284.327   282.383   283.495   284.047   282.264   280.289   282.953
tmp2m        1587254400  216   279.500   274.433   279.269   279.626   280.907   279.118   277.277   276.777   279.689   280.292   279.601   278.973   277.632   279.451   280.395   278.582   279.787   279.789   277.821   276.056   279.164
tmp2m        1587276000  222   280.406   275.951   281.424   280.166   280.991   279.925   279.099   276.427   280.719   281.515   280.362   280.243   278.957   281.570   280.936   280.206   280.991   280.540   280.753   278.729   281.124
tmp2m        1587297600  228   286.431   288.926   289.057   286.438   289.985   287.559   289.228   287.600   289.860   290.523   289.066   283.993   287.268   290.653   290.711   287.864   287.756   286.352   292.032   286.061   292.808
tmp2m        1587319200  234   282.355   281.594   282.655   281.485   283.402   282.764   282.947   280.622   283.459   282.998   282.590   280.217   280.767   283.161   284.355   282.577   282.469   282.403   283.981   279.363   284.678
tmp2m        1587340800  240   279.342   278.032   280.797   279.670   280.388   279.612   279.625   278.019   280.219   280.253   280.669   279.042   278.025   278.796   280.800   278.943   280.944   280.133   278.921   272.473   278.473
tcdcclm      1586498400    6     0.000     0.021     0.000     0.000     0.007     0.087     0.038     0.000     0.000     0.046     0.120     0.053     0.038     0.007     0.007     0.007     0.037     0.000     0.000     0.000     0.038
tcdcclm      1586520000   12     1.256     1.391     1.248     1.217     1.235     1.468     1.200     1.382     1.290     1.315     1.678     1.002     1.256     0.637     0.658     1.256     1.273     1.256     1.265     1.030     1.594
tcdcclm      1586541600   18     3.032     3.163     3.147     2.982     2.853     3.432     2.728     3.089     3.026     2.926     3.833     2.691     3.154     2.739     2.723     3.107     3.179     2.983     3.362     2.824     3.889
tcdcclm      1586563200   24     1.748     2.474     1.595     1.363     0.820     2.634     1.547     2.364     1.377     2.108     2.868     2.526     2.080     1.920     1.128     1.843     1.456     1.846     2.256     1.615     2.650
tcdcclm      1586584800   30     1.070     1.723     0.402     0.171     0.534     1.561     0.455     1.935     0.290     1.083     2.568     1.485     1.592     1.177     0.203     0.605     0.296     0.597     0.679     1.283     2.782
tcdcclm      1586606400   36     1.321     1.448     1.223     1.443     1.230     1.356     1.322     1.924     1.154     1.770     2.730     1.566     1.273     1.317     1.087     1.425     1.415     0.974     1.246     1.246     1.421
tcdcclm      1586628000   42     5.173     4.804     4.424     5.254     5.388     4.978     5.255     4.690     4.247     5.392     5.583     4.710     5.129     4.987     5.197     5.171     4.692     5.087     4.614     4.891     5.382
tcdcclm      1586649600   48     4.519     4.897     4.358     4.736     4.778     4.421     4.917     4.691     4.032     5.422     4.681     4.648     4.907     4.699     5.172     5.279     4.639     5.113     4.460     5.115     5.453
tcdcclm      1586671200   54     5.283     5.536     4.925     4.101     5.257     5.062     5.453     5.468     4.767     4.109     5.540     5.450     5.661     5.219     5.261     5.727     4.754     5.286     4.849     5.752     4.753
tcdcclm      1586692800   60     1.290     2.413     2.569     0.429     1.221     1.049     1.696     4.936     2.526     0.653     1.370     3.093     2.946     0.708     1.112     1.970     0.775     2.547     1.810     4.009     0.536
tcdcclm      1586714400   66     2.224     0.936     3.231     2.362     3.898     0.595     2.355     3.015     1.491     2.372     3.282     5.515     0.748     2.235     2.606     2.451     1.856     2.910     1.511     2.747     3.570
tcdcclm      1586736000   72     4.397     2.551     5.562     4.947     6.115     0.862     5.100     5.455     3.320     6.358     6.279     6.519     3.467     4.280     4.187     5.124     5.618     4.941     6.167     5.623     5.928
tcdcclm      1586757600   78     5.871     4.964     5.957     5.789     6.771     1.715     6.101     5.925     5.524     5.543     6.747     6.989     5.997     5.667     4.802     5.812     7.024     5.959     6.858     7.037     6.452
tcdcclm      1586779200   84     6.187     6.222     4.261     5.375     6.300     4.648     7.072     4.612     4.403     5.614     3.529     6.724     7.315     4.630     6.654     6.724     6.827     6.354     6.822     7.306     6.554
tcdcclm      1586800800   90     6.322     6.172     5.326     5.005     5.369     6.743     5.801     4.135     4.422     6.340     3.352     5.854     5.789     5.255     6.694     5.411     6.229     6.922     5.292     5.914     6.140
tcdcclm      1586822400   96     4.971     6.423     1.987     6.539     7.659     6.487     6.768     4.283     7.098     7.857     7.466     3.895     5.747     4.424     5.715     6.439     2.147     2.995     6.766     7.572     4.339
tcdcclm      1586844000  102     6.567     3.185     2.813     7.819     7.852     4.935     7.878     7.558     7.907     7.701     7.758     5.821     6.468     4.468     6.221     6.428     0.236     5.218     7.672     6.751     6.603
tcdcclm      1586865600  108     6.798     2.893     6.041     7.531     7.593     4.441     7.869     7.757     7.361     6.878     7.298     4.603     5.952     6.983     6.281     6.710     1.735     7.416     6.678     7.199     6.686
tcdcclm      1586887200  114     6.290     6.142     6.014     7.297     6.995     2.506     7.793     6.795     5.808     5.767     6.058     4.613     3.318     2.800     6.542     3.832     3.516     5.805     6.813     6.428     5.256
tcdcclm      1586908800  120     5.507     4.605     5.614     5.934     6.727     2.577     6.263     4.698     3.966     5.826     5.214     2.353     3.919     4.827     4.549     5.639     2.278     5.711     6.789     6.222     5.245
tcdcclm      1586930400  126     3.912     2.468     5.306     5.895     7.504     2.003     4.700     4.177     5.701     5.667     5.509     2.988     3.862     4.702     3.956     3.464     1.758     4.451     6.584     7.291     4.655
tcdcclm      1586952000  132     1.820     0.380     2.925     6.508     6.402     0.457     3.169     1.009     0.954     1.699     3.440     4.458     0.254     2.942     3.743     0.776     0.598     1.263     6.481     2.161     1.921
tcdcclm      1586973600  138     2.032     0.504     1.899     7.294     4.879     0.585     3.548     1.375     0.187     1.088     2.117     5.373     0.195     2.249     2.792     0.869     3.005     2.271     7.383     4.971     2.593
tcdcclm      1586995200  144     2.368     0.866     2.286     7.035     3.219     4.112     3.703     1.976     0.636     0.394     1.728     4.135     0.857     0.314     1.764     0.187     5.983     0.751     6.114     6.155     0.537
tcdcclm      1587016800  150     3.733     3.668     4.796     7.867     4.175     4.293     5.348     0.897     2.431     0.445     2.934     5.017     1.862     0.250     5.498     0.971     4.640     1.206     7.322     4.924     1.863
tcdcclm      1587038400  156     5.579     4.954     4.544     7.722     1.599     5.402     4.264     1.044     0.401     2.216     3.065     2.289     2.919     1.685     5.245     3.016     6.905     4.487     7.775     5.134     2.524
tcdcclm      1587060000  162     4.803     4.553     5.960     7.510     4.862     5.232     3.850     5.902     3.040     6.655     4.413     1.856     3.584     5.776     4.043     6.848     6.323     5.374     7.811     7.872     5.721
tcdcclm      1587081600  168     3.166     3.113     1.230     7.832     3.417     1.441     2.797     7.730     4.840     3.645     3.239     3.179     2.519     1.842     4.669     5.689     5.504     7.759     7.331     6.249     4.266
tcdcclm      1587103200  174     4.501     5.458     4.317     6.350     2.149     2.791     1.720     6.750     7.043     1.815     4.679     5.301     3.206     0.139     5.941     5.988     5.391     7.372     6.520     4.872     2.385
tcdcclm      1587124800  180     5.269     4.124     5.394     4.406     4.787     4.925     3.917     6.760     6.945     2.700     4.985     4.494     4.558     0.707     5.111     2.634     4.782     2.492     6.456     1.901     2.622
tcdcclm      1587146400  186     2.608     4.630     5.422     5.158     4.192     5.099     6.450     6.718     7.052     4.657     4.973     3.533     3.293     5.037     4.007     5.642     5.497     3.394     4.973     0.910     2.428
tcdcclm      1587168000  192     4.905     4.481     4.647     4.499     5.780     4.123     5.382     7.026     7.400     4.183     5.833     6.511     1.298     3.251     4.043     2.155     4.066     5.346     2.280     1.473     0.098
tcdcclm      1587189600  198     3.747     1.754     3.046     3.929     5.245     1.050     0.648     7.198     4.587     5.721     5.252     6.211     0.331     1.528     2.085     1.777     5.097     2.235     1.073     1.348     0.059
tcdcclm      1587211200  204     4.079     3.587     1.172     5.156     5.539     3.692     2.790     7.552     2.643     3.791     5.135     5.459     2.011     4.106     3.895     2.982     5.128     3.682     0.181     3.643     0.059
tcdcclm      1587232800  210     5.014     6.239     4.980     6.199     6.606     5.856     5.323     7.020     5.108     3.592     5.085     5.711     5.202     5.665     5.294     5.960     6.470     5.238     1.726     6.754     0.248
tcdcclm      1587254400  216     5.827     4.232     4.295     6.525     6.667     5.749     4.935     5.311     4.321     6.511     5.396     6.619     5.956     3.141     6.759     5.044     7.636     6.730     0.289     7.580     0.570
tcdcclm      1587276000  222     6.168     3.800     6.266     6.643     4.722     4.559     6.056     3.269     4.933     6.374     5.730     7.315     2.117     4.059     5.399     4.138     6.702     6.868     2.477     3.365     0.841
tcdcclm      1587297600  228     4.488     3.311     6.473     6.160     5.327     6.831     4.946     0.643     3.813     6.274     4.355     7.399     1.811     5.160     5.363     4.603     7.155     6.547     4.390     0.280     1.367
tcdcclm      1587319200  234     3.295     3.403     7.057     6.311     5.586     7.533     6.193     4.924     2.013     5.221     6.111     7.085     1.503     5.071     5.410     5.394     5.833     6.462     6.254     0.266     1.801
tcdcclm      1587340800  240     4.302     2.789     6.932     5.741     7.155     7.471     6.285     4.908     6.408     5.663     5.751     7.101     2.163     1.389     3.174     3.793     4.423     6.416     2.716     0.118     0.923
