# ASCII output from GENSvis.py
# Contains interpolated values from the
# GFS ensemble on 1.000000 x 1.000000 degrees
# The data in here are for station
# 11120: INNSBRUCK
# Station position:  11.3553 47.2589
# Used grid point 1: 12.0000 48.0000
# Used grid point 2: 12.0000 47.0000
# Used grid point 3: 11.0000 47.0000
# Used grid point 4: 11.0000 48.0000
varname    timestamp    step mem0      mem1      mem2      mem3      mem4      mem5      mem6      mem7      mem8      mem9      mem10     mem11     mem12     mem13     mem14     mem15     mem16     mem17     mem18     mem19     mem20     
tmax2m       1586671200    6   276.296   276.370   276.175   276.296   276.618   276.139   276.330   276.222   276.113   276.248   276.401   276.184   276.544   276.361   275.896   276.118   276.010   276.049   276.351   276.596   276.348
tmax2m       1586692800   12   283.980   284.146   283.790   284.150   283.722   283.823   284.023   284.076   284.043   284.006   283.614   284.068   283.893   283.526   284.162   283.896   284.208   284.006   284.097   283.729   284.095
tmax2m       1586714400   18   283.667   283.893   283.596   283.961   283.367   283.633   283.949   283.734   283.665   283.624   283.384   283.840   283.471   283.105   283.908   283.712   284.057   283.649   283.836   283.548   283.732
tmax2m       1586736000   24   276.881   276.772   277.022   277.125   277.053   277.181   277.226   277.048   277.035   277.109   277.290   277.029   276.943   276.902   277.079   276.967   277.055   277.351   277.084   277.178   277.389
tmax2m       1586757600   30   275.269   275.232   275.122   275.214   275.275   275.345   275.170   275.356   275.100   275.022   275.288   275.269   275.031   275.028   274.986   275.400   275.262   275.179   275.360   275.446   275.272
tmax2m       1586779200   36   284.028   283.583   283.851   284.186   283.201   283.220   283.785   283.350   284.312   284.377   283.775   283.742   284.666   284.356   284.217   283.167   283.793   283.759   283.477   284.227   283.391
tmax2m       1586800800   42   283.791   283.184   283.728   283.940   282.909   282.507   283.665   283.274   284.248   284.153   283.509   283.286   284.558   284.153   284.074   282.681   283.489   283.338   283.077   283.913   282.921
tmax2m       1586822400   48   276.967   276.626   276.916   276.986   276.818   276.311   277.172   276.967   277.131   277.021   277.257   276.992   277.103   276.861   277.150   276.382   277.066   276.625   276.641   277.145   276.794
tmax2m       1586844000   54   273.644   272.465   273.674   273.143   274.081   272.377   274.126   273.948   274.690   272.221   274.488   273.946   273.341   273.250   273.982   272.331   274.248   272.844   273.026   273.870   273.006
tmax2m       1586865600   60   276.966   276.790   276.693   276.828   277.175   276.581   276.248   276.615   278.313   276.396   276.065   276.992   278.309   277.083   277.841   275.695   277.950   276.678   276.012   278.303   274.815
tmax2m       1586887200   66   277.606   277.350   277.211   277.503   277.859   277.134   276.984   277.317   279.435   277.023   276.511   277.626   279.198   278.072   278.581   276.157   279.172   277.317   276.601   279.413   275.226
tmax2m       1586908800   72   271.002   270.864   270.887   270.906   271.362   270.789   271.008   271.208   273.002   270.662   270.436   270.947   273.524   271.726   272.093   269.926   272.675   271.287   270.514   273.201   269.193
tmax2m       1586930400   78   273.708   273.734   273.371   273.413   274.196   273.373   273.361   273.395   275.176   273.311   272.717   273.651   275.149   273.895   274.283   272.650   274.256   273.274   273.019   274.883   271.656
tmax2m       1586952000   84   284.189   284.915   284.597   283.599   285.753   284.886   283.188   283.889   284.894   284.497   284.397   284.245   284.173   284.122   284.092   283.812   283.350   283.378   282.995   284.327   283.592
tmax2m       1586973600   90   284.580   285.494   285.155   283.845   285.648   285.678   283.693   284.425   285.730   284.715   285.474   284.884   284.114   284.936   284.380   284.433   283.851   283.849   283.614   284.690   284.645
tmax2m       1586995200   96   275.559   276.606   275.868   275.071   277.850   277.185   275.290   275.133   277.140   275.917   275.192   276.105   276.942   275.787   275.619   275.116   275.896   274.975   274.953   277.451   274.592
tmax2m       1587016800  102   276.924   276.575   276.580   276.597   276.318   276.160   276.275   276.716   277.642   276.263   276.888   276.759   277.231   276.962   276.812   276.332   276.899   277.005   276.641   276.986   276.274
tmax2m       1587038400  108   287.750   287.236   286.634   286.588   287.200   288.110   286.729   288.029   288.022   286.938   287.841   287.946   287.893   287.205   287.185   287.209   286.760   287.273   288.091   288.117   287.755
tmax2m       1587060000  114   288.032   287.189   286.533   286.803   286.699   288.218   287.094   286.701   288.049   287.240   288.080   288.244   288.016   286.764   287.468   287.799   286.951   285.776   287.261   288.363   287.951
tmax2m       1587081600  120   278.165   278.892   278.636   279.764   279.378   279.118   277.859   278.777   279.452   278.891   278.023   278.427   278.580   279.487   278.712   277.261   278.876   278.856   278.016   279.789   277.401
tmax2m       1587103200  126   278.564   277.945   277.248   277.862   277.515   277.758   277.746   278.559   278.431   277.690   278.319   278.310   279.438   277.501   278.205   279.356   277.580   278.162   278.493   278.699   278.861
tmax2m       1587124800  132   287.719   286.070   279.460   284.777   281.593   286.525   285.072   284.730   286.503   283.688   285.599   287.197   289.580   281.709   286.836   290.065   285.922   283.783   285.728   287.205   286.095
tmax2m       1587146400  138   287.640   286.387   279.669   284.697   281.232   287.171   284.903   283.505   286.361   283.343   285.526   287.613   289.150   281.770   286.643   290.617   285.794   283.809   285.592   287.278   285.404
tmax2m       1587168000  144   279.367   278.954   277.309   279.085   276.459   280.249   278.141   278.449   279.438   279.142   278.659   279.800   280.474   276.852   279.670   282.307   279.147   278.088   279.458   280.233   278.757
tmax2m       1587189600  150   279.307   275.835   276.675   278.972   274.320   279.419   276.861   276.987   277.652   278.627   278.191   279.230   280.890   275.169   278.731   280.306   276.732   275.518   277.035   278.730   279.092
tmax2m       1587211200  156   290.596   285.039   279.619   289.413   281.053   289.714   288.351   281.494   287.503   285.590   287.652   287.412   291.914   276.710   288.306   290.217   278.163   283.877   287.432   286.302   287.885
tmax2m       1587232800  162   290.765   285.456   278.965   288.902   281.413   288.656   288.411   282.565   287.863   285.310   286.687   287.351   291.802   277.008   288.196   289.230   278.945   283.995   287.676   286.170   287.151
tmax2m       1587254400  168   281.247   276.955   275.608   281.190   274.146   282.132   278.652   278.881   279.758   280.868   279.798   281.790   283.437   271.298   280.746   283.089   272.724   275.667   280.609   279.800   279.913
tmax2m       1587276000  174   280.307   277.352   273.456   279.635   273.073   281.080   277.470   275.962   278.959   279.022   278.760   279.405   280.797   269.595   279.322   281.775   270.213   275.424   278.722   277.220   279.542
tmax2m       1587297600  180   290.249   288.527   278.178   289.869   279.181   289.167   286.918   286.055   291.118   288.440   287.444   289.605   291.714   280.771   284.951   289.623   281.420   286.287   286.016   286.692   284.511
tmax2m       1587319200  186   289.363   288.547   278.054   290.042   279.521   288.275   287.032   286.487   290.232   288.386   287.440   289.663   291.790   281.526   284.153   289.613   281.585   286.780   286.050   286.977   283.943
tmax2m       1587340800  192   282.908   278.459   275.272   283.437   273.947   283.296   277.601   279.005   281.095   282.530   281.340   281.182   284.653   273.343   280.333   284.303   273.866   276.543   278.096   278.750   280.067
tmax2m       1587362400  198   281.140   278.882   274.492   281.227   272.484   282.219   274.939   279.921   280.301   280.942   280.318   280.187   282.576   271.494   279.743   283.728   275.293   276.965   277.725   278.386   279.069
tmax2m       1587384000  204   292.733   289.954   278.880   284.943   282.401   292.673   283.129   292.352   291.050   289.355   288.541   289.327   293.680   276.442   283.737   290.850   289.559   286.798   286.229   291.879   283.579
tmax2m       1587405600  210   291.840   290.270   279.818   284.630   283.020   291.544   282.992   292.822   290.939   288.685   287.818   289.192   293.807   276.363   283.666   290.625   289.410   286.932   285.924   292.223   284.255
tmax2m       1587427200  216   283.023   278.689   277.231   281.387   275.683   284.958   275.254   282.478   283.442   282.763   281.565   280.323   285.777   272.149   280.411   284.035   278.594   278.170   278.472   280.761   281.347
tmax2m       1587448800  222   281.760   278.059   274.486   279.421   274.998   282.570   270.840   282.115   280.010   281.322   279.444   276.599   284.276   269.000   277.204   282.065   276.377   273.364   275.996   279.601   278.955
tmax2m       1587470400  228   287.544   286.281   282.658   283.065   285.327   283.336   280.630   291.004   285.785   287.460   287.576   284.738   289.697   276.144   280.288   288.167   284.550   281.316   285.098   288.934   285.533
tmax2m       1587492000  234   286.848   286.164   283.639   283.137   285.666   282.663   281.091   291.544   285.601   287.517   287.889   284.959   289.584   276.575   280.125   288.785   284.740   281.332   284.446   289.326   285.190
tmax2m       1587513600  240   281.100   278.645   279.014   279.719   278.006   278.889   274.658   282.441   279.611   282.358   279.460   277.672   284.205   272.151   277.294   281.337   276.746   274.859   277.801   279.775   281.287
dd10m        1586671200    6   204.682   203.394   203.457   204.302   203.994   205.118   203.028   205.600   206.087   203.997   204.907   205.667   203.039   201.380   204.162   203.102   205.091   207.326   205.560   204.832   205.970
dd10m        1586692800   12   211.735   209.896   208.883   211.265   211.010   219.193   210.246   212.332   217.978   207.792   217.120   212.875   208.842   211.087   207.849   209.841   209.875   216.513   212.086   209.140   216.469
dd10m        1586714400   18   194.320   199.107   187.283   192.164   196.589   191.201   186.800   190.547   194.715   188.569   188.265   193.170   203.158   194.320   189.237   190.369   193.537   184.968   194.061   188.951   193.450
dd10m        1586736000   24   202.579   206.985   201.850   204.840   203.835   207.114   201.508   203.953   202.664   199.691   201.944   202.319   203.721   201.451   201.043   203.705   202.252   202.429   204.443   204.322   203.488
dd10m        1586757600   30   217.208   221.998   214.463   216.780   217.900   225.428   213.144   218.526   216.027   215.694   218.855   214.753   215.605   214.738   211.558   223.575   213.837   221.044   217.448   216.883   212.651
dd10m        1586779200   36   298.772   311.065   301.954   297.594   282.608   314.342   273.820   311.196   294.965   285.310   293.799   278.562   304.256   280.282   284.889   308.265   284.746   300.747   293.847   312.246   266.222
dd10m        1586800800   42   347.991   351.976   339.687   345.586   346.055   352.532   331.349   354.104   357.009   333.041   346.398   348.594   347.382   346.479   341.265   347.225   344.643   346.692   344.232   355.840   342.792
dd10m        1586822400   48   358.429   356.757   354.182   358.583   358.813   345.786   352.024   358.129     4.139     1.973   355.253     0.603     2.590   359.887   359.527   352.618   357.035   353.353   353.990     2.729   356.588
dd10m        1586844000   54   354.574   354.851   348.880   349.625   357.047   347.907   357.128   353.186     5.934   347.001   348.378   355.935     6.429   351.685     2.900   346.283     0.833   351.021   341.059     9.716   341.994
dd10m        1586865600   60    10.241     3.908     1.886     8.660     9.416   357.642    16.758     8.023    13.740     5.036   351.197     6.982    32.125     9.463    26.890   358.151    25.914     7.979     2.230    29.243   347.414
dd10m        1586887200   66    34.390    34.426    22.322    33.194    33.222    24.692    44.694    24.446    43.927    38.374    10.329    26.365    71.614    31.047    57.861    29.514    59.424    24.842    30.302    66.148    14.194
dd10m        1586908800   72   176.682   179.655   171.991   170.392   170.162   172.802   163.762   185.171   179.680   168.754   187.693   167.845   167.438   183.547   173.843   174.095   199.978   180.036   184.037   176.286   182.402
dd10m        1586930400   78   218.885   203.139   196.247   202.158   193.352   188.196   197.821   306.611   221.195   184.449   288.999   203.299   196.634   216.301   207.879   193.101   301.443   292.448   284.566   198.737   234.438
dd10m        1586952000   84    26.938    43.993    55.492    20.852   113.223    82.380    47.354    24.675    27.438    75.844     9.099    52.064    43.500    31.489    31.398    43.152    22.861    21.239    28.148    34.259    22.927
dd10m        1586973600   90    79.031   119.448   113.947    70.282   155.694   138.853    97.973    73.719    93.365   113.566    64.825   113.518    85.341   111.340    76.069    77.753    62.296    62.926    76.870   118.711    65.481
dd10m        1586995200   96   179.125   189.686   192.215   174.777   203.863   189.159   176.958   178.376   183.206   181.867   180.375   182.975   178.805   201.346   181.038   175.391   167.386   183.791   179.250   185.179   177.104
dd10m        1587016800  102   193.184   206.884   199.117   176.027   220.914   205.270   193.325   194.877   196.048   192.579   192.391   202.312   191.120   213.277   188.694   184.833   181.176   204.469   196.268   205.175   184.914
dd10m        1587038400  108   241.964   263.375   236.905   159.720   264.267   278.549   233.358   292.461   217.795   209.865   237.645   259.696   220.501   255.440   245.101   222.039   215.811   274.675   277.312   234.409   205.875
dd10m        1587060000  114   207.625   216.781   182.973   175.831   248.436   263.839   203.173    36.466   152.844   190.800   150.136   303.007    63.774   233.435   155.175   120.173   243.901   300.190    24.923   194.282   102.165
dd10m        1587081600  120   238.125   226.748   275.775   207.916   281.389   256.120   221.665   238.703   227.245   226.842   246.017   246.885   220.009   241.256   243.043   208.373   242.039   246.681   233.044   224.234   219.037
dd10m        1587103200  126   280.243   261.872   319.481   265.013   294.718   276.630   264.328   287.433   268.531   303.365   271.595   288.418   227.176   305.715   279.607   194.749   269.350   282.379   284.468   263.507   279.915
dd10m        1587124800  132   330.536   297.140   312.531   359.128   318.596   323.073   313.647   339.837   334.562    44.225   339.319   336.685    91.069   302.107   339.287   166.668   295.849   317.700   320.400   329.371    10.463
dd10m        1587146400  138    23.689   350.738   328.970    13.233   338.119    53.273   344.250     8.936     2.100    19.351     5.820    37.048    77.376   323.384   323.302   138.654   324.215   344.911   335.079    15.706    88.020
dd10m        1587168000  144   157.166     4.514   333.456   193.829   341.461   195.028     7.666   355.954    20.636   186.996   137.241   154.513   205.427   323.685   250.313   194.631   305.969    10.411    10.145    37.801   197.119
dd10m        1587189600  150    70.184    15.622     5.927   186.268   353.154   226.708    65.768     0.624    50.873   158.092   160.543   136.049   199.446   349.296   289.607   196.551   352.686    21.075   116.547     4.240   196.549
dd10m        1587211200  156    88.132    17.148     2.158    92.091   357.631   326.913    43.941    31.833    75.322   147.517    82.770   126.927    93.591   344.888     3.845   128.857     4.589    19.746   166.053   353.976   139.972
dd10m        1587232800  162   110.503    43.078    24.298   127.843    19.214    72.858    46.855    31.473   117.814   163.206    64.454   124.479   133.392     4.459    40.832   128.522    27.733    30.981   168.633    10.827   102.741
dd10m        1587254400  168   174.501   144.205    56.366   187.986   357.761   172.813   172.924    36.556   182.841   187.254   170.061   172.047   183.128    38.102   186.316   184.908    45.867    90.204   262.367    23.896   206.126
dd10m        1587276000  174   185.791   117.529    82.739   188.543    16.056   178.683    32.523    58.901   205.181   189.822   168.904   172.769   184.554    71.836   165.492   183.749    52.955    95.047   344.076    53.508   188.012
dd10m        1587297600  180   110.517    78.657    83.912   128.819    17.798   176.209    30.020    53.311    34.915   167.187   140.721    78.220   163.424    85.444   118.967   184.281    56.193    53.871    17.324    54.399    90.068
dd10m        1587319200  186   129.716   105.104    97.960   136.975    24.990   160.522    31.552    86.673    73.792   149.972   141.921   110.150   140.065    57.010   135.237   168.528    72.714    66.904    57.708    77.406    37.276
dd10m        1587340800  192   179.562   203.100   131.989   165.734    39.952   190.995    25.645   152.833   163.910   191.208   178.712   152.755   183.258    57.929   161.007   215.792   138.488    80.643   135.877   165.275   156.093
dd10m        1587362400  198   198.497   233.345   135.286   161.770    32.775   201.571    27.085   163.825   177.499   206.410   185.220   153.265   202.880    50.368   164.785   255.364   179.569    88.822   125.499   180.661   172.055
dd10m        1587384000  204    56.469     1.234   140.774   142.766    35.281    72.642    32.885    79.618    83.695     6.744    74.375    55.222   135.130    49.027    95.007     6.379    17.069    33.341    50.922   220.093   157.582
dd10m        1587405600  210    86.844   354.459   141.601   158.260    40.110   165.147    43.404   111.815   101.690    94.909    93.062    60.367    45.176    43.976    53.037    12.760    21.726    33.306    44.428    28.591   157.730
dd10m        1587427200  216   205.327   304.487   165.387   191.932   150.281   239.516   111.828   198.754   164.547   258.252   171.588    79.617   323.681    47.799    49.168    29.816   332.210    50.785   143.791   312.235   174.829
dd10m        1587448800  222   254.252   345.787   160.067   231.579   317.014   308.929    38.728   236.804   145.254   344.487     4.048    31.821   343.011    44.966    59.147    41.518   343.008    40.955   155.300   346.476   178.669
dd10m        1587470400  228    15.786    29.216   142.900    21.568   344.833   340.731    27.072    11.187    42.908    10.479    23.562    34.573    26.971    46.112    88.094    52.292   358.983    49.111    82.639    45.641   169.955
dd10m        1587492000  234    49.157    38.739   152.688    36.895   334.448   350.969    35.089     1.152    34.418    22.438    27.862    51.786    50.052    36.144    90.032    68.388     8.257    56.755   115.309    58.905   163.341
dd10m        1587513600  240    80.308    80.336   173.857    33.288   288.053   352.976   168.656   289.334   290.058    67.957   222.323   122.062    79.769   278.164   141.913   169.525   311.746   145.605   160.614   186.379   180.919
ff10m        1586671200    6     2.243     2.241     2.271     2.235     2.151     2.285     2.242     2.239     2.281     2.269     2.257     2.269     2.186     2.275     2.354     2.266     2.326     2.218     2.224     2.213     2.271
ff10m        1586692800   12     1.767     1.688     1.796     1.707     1.927     1.337     1.748     1.675     1.696     1.791     1.809     1.831     1.873     2.060     1.629     1.835     1.698     1.493     1.717     1.940     1.721
ff10m        1586714400   18     1.738     1.791     1.791     1.814     1.835     1.750     1.796     1.621     1.691     1.896     1.681     1.734     1.803     1.918     1.827     1.785     1.776     1.709     1.709     1.784     1.837
ff10m        1586736000   24     2.796     2.781     2.846     2.708     2.795     2.737     2.788     2.722     2.748     2.911     2.799     2.810     2.748     2.886     2.903     2.751     2.810     2.765     2.755     2.806     2.624
ff10m        1586757600   30     2.284     2.240     2.404     2.286     2.202     2.128     2.391     2.299     2.306     2.534     2.236     2.226     2.333     2.372     2.342     2.245     2.272     2.308     2.230     2.218     2.284
ff10m        1586779200   36     1.560     1.898     1.692     1.791     1.477     2.123     1.463     1.825     1.313     1.598     1.672     1.395     1.528     1.665     1.246     1.960     1.459     2.064     1.396     1.417     1.747
ff10m        1586800800   42     2.410     2.900     2.403     2.479     2.357     3.070     2.033     2.476     2.039     2.128     1.875     2.140     2.454     2.680     2.293     2.988     2.071     2.839     2.346     2.412     2.201
ff10m        1586822400   48     3.158     2.695     3.225     3.244     2.943     2.602     3.582     2.887     2.585     3.231     2.904     3.180     3.122     2.786     3.360     3.096     3.096     3.094     3.257     2.997     3.424
ff10m        1586844000   54     2.967     2.994     3.107     2.756     3.096     2.708     3.110     2.915     2.667     3.039     3.313     2.968     2.315     3.037     2.548     3.329     2.660     2.980     3.146     2.623     3.484
ff10m        1586865600   60     3.315     3.543     3.578     3.344     3.321     3.558     3.254     3.388     2.736     3.517     3.721     3.488     2.890     3.111     3.007     3.729     2.934     3.309     3.440     2.793     3.891
ff10m        1586887200   66     2.162     2.276     2.362     2.300     2.229     2.434     2.262     2.330     2.238     2.199     2.489     2.304     2.047     2.104     2.246     2.169     1.990     2.327     2.187     2.062     2.481
ff10m        1586908800   72     1.465     1.646     1.317     1.415     1.856     1.620     1.544     0.660     1.733     1.722     0.785     1.343     1.776     1.186     1.813     1.675     1.478     0.864     1.458     1.629     0.788
ff10m        1586930400   78     0.794     1.154     0.953     1.066     1.754     1.470     0.580     0.369     1.192     1.457     0.498     1.019     1.107     1.118     0.926     1.032     0.713     0.562     0.430     1.421     0.579
ff10m        1586952000   84     2.076     1.321     1.551     2.133     0.851     1.664     2.165     2.035     1.833     0.898     1.833     1.887     1.928     1.436     1.899     1.602     2.874     2.311     2.375     1.638     2.099
ff10m        1586973600   90     1.845     1.614     1.504     1.994     1.685     1.909     1.778     1.773     1.693     1.465     1.774     1.743     1.662     0.989     1.529     1.785     2.148     1.852     1.920     1.636     1.902
ff10m        1586995200   96     2.444     2.812     2.283     2.272     2.443     2.613     2.540     2.520     2.485     2.223     2.324     2.521     2.250     2.028     2.243     2.378     2.464     2.407     2.467     2.751     2.365
ff10m        1587016800  102     2.391     2.565     2.564     2.336     2.406     2.592     2.560     2.593     2.078     2.315     2.234     2.355     2.073     2.432     2.423     2.445     3.056     2.327     2.384     2.481     2.121
ff10m        1587038400  108     1.089     1.743     1.308     2.295     1.366     1.042     1.476     1.070     0.785     1.524     0.997     1.249     0.656     1.245     0.976     1.040     1.718     1.391     1.293     1.326     0.556
ff10m        1587060000  114     0.145     0.729     0.643     2.419     1.529     0.428     0.694     0.309     0.647     0.901     0.698     0.357     0.465     1.702     0.492     0.620     0.770     0.505     0.509     1.064     0.652
ff10m        1587081600  120     2.186     2.607     1.914     3.064     2.446     2.047     2.352     1.952     2.032     2.059     2.192     2.138     2.125     2.389     2.165     2.232     2.054     2.369     2.222     2.399     1.438
ff10m        1587103200  126     1.516     2.256     1.463     1.145     3.465     1.387     1.949     1.168     1.430     1.401     1.036     1.584     1.116     2.555     1.339     1.860     1.855     2.429     1.521     1.485     0.929
ff10m        1587124800  132     2.054     3.970     2.751     1.201     4.811     2.123     4.129     1.931     2.650     2.010     1.881     2.839     0.219     4.615     1.429     0.902     2.791     4.146     2.848     2.333     1.162
ff10m        1587146400  138     1.748     3.579     1.986     1.101     3.101     1.339     2.582     2.480     2.392     0.619     1.685     1.969     1.383     3.035     0.717     1.480     2.391     3.107     2.584     1.965     0.826
ff10m        1587168000  144     0.642     2.192     1.254     1.376     2.080     2.278     1.000     1.030     2.271     0.753     0.558     1.275     1.653     2.758     1.606     2.469     2.609     2.190     1.246     0.586     1.651
ff10m        1587189600  150     0.774     1.732     0.804     1.238     2.071     1.446     0.412     1.572     1.634     1.608     1.073     1.545     0.743     2.659     0.641     1.446     3.635     1.832     1.181     1.190     1.651
ff10m        1587211200  156     1.164     1.855     1.830     0.827     2.884     1.086     0.951     2.853     2.428     1.975     1.495     1.685     0.982     3.293     1.487     0.452     3.754     3.447     1.406     3.210     0.416
ff10m        1587232800  162     1.875     1.810     2.365     1.385     2.403     1.779     1.827     2.855     1.989     1.779     1.820     2.019     1.835     3.374     1.726     1.281     3.248     2.671     0.684     2.620     0.416
ff10m        1587254400  168     2.324     0.706     2.065     2.232     0.990     2.188     0.675     0.857     2.200     2.522     2.651     2.128     2.461     2.297     1.720     2.391     1.682     1.066     1.145     1.426     1.058
ff10m        1587276000  174     1.844     1.073     2.206     1.631     1.901     1.711     1.282     1.857     0.972     2.049     1.775     1.253     2.525     1.395     1.332     2.440     2.485     0.497     2.214     0.962     1.195
ff10m        1587297600  180     1.609     2.063     3.399     1.650     3.608     1.853     3.392     3.642     1.707     0.986     2.313     2.854     1.502     2.324     2.336     1.265     3.986     3.541     4.220     3.556     0.380
ff10m        1587319200  186     1.652     1.490     3.194     2.021     3.558     1.549     2.804     2.535     1.531     1.696     1.432     2.025     2.010     2.156     2.539     1.682     2.926     2.404     2.782     2.296     1.364
ff10m        1587340800  192     2.158     1.538     3.624     2.408     1.610     2.770     1.908     1.937     1.524     2.761     1.945     1.651     2.816     2.089     3.111     2.222     2.419     1.350     1.537     1.468     0.666
ff10m        1587362400  198     1.395     1.278     3.132     2.186     1.551     1.602     2.136     0.968     1.709     1.750     1.473     1.104     1.798     2.257     2.154     0.769     2.183     0.721     1.400     1.962     1.443
ff10m        1587384000  204     0.894     1.886     3.279     2.553     3.726     0.456     4.698     1.489     1.854     1.551     2.209     3.030     1.070     3.594     1.261     1.883     1.118     3.144     2.053     0.408     2.561
ff10m        1587405600  210     0.723     1.269     2.762     2.474     2.552     0.684     3.670     1.213     1.682     0.701     1.538     2.396     0.866     3.632     2.014     2.446     1.554     2.441     2.767     1.067     2.439
ff10m        1587427200  216     1.396     0.910     2.814     1.949     0.222     1.545     1.117     1.911     1.449     1.027     0.609     1.058     1.377     2.090     1.382     1.914     1.692     1.606     1.228     0.932     3.296
ff10m        1587448800  222     0.511     1.682     2.522     0.857     0.985     2.160     1.340     1.086     0.069     1.394     0.843     1.519     1.370     2.409     1.823     2.104     2.329     2.055     1.001     1.099     2.913
ff10m        1587470400  228     1.298     3.063     2.895     1.326     3.323     3.587     3.991     1.948     1.996     3.285     2.456     3.280     2.745     3.415     2.634     2.995     4.164     3.764     1.199     1.878     2.898
ff10m        1587492000  234     1.860     2.536     2.469     2.137     2.531     3.257     3.041     1.492     1.683     3.134     1.536     2.512     1.871     2.342     2.193     1.985     3.151     2.846     1.423     1.396     2.066
ff10m        1587513600  240     1.069     0.975     2.815     1.391     2.038     3.048     0.259     1.194     0.608     1.187     2.080     1.218     1.093     0.156     1.828     1.248     0.705     1.184     2.445     1.516     2.796
apcpsfc      1586671200    6     0.093     0.147     0.071     0.151     0.353     0.058     0.127     0.099     0.049     0.053     0.264     0.129     0.211     0.112     0.016     0.063     0.026     0.053     0.079     0.306     0.120
apcpsfc      1586692800   12     0.418     0.422     0.417     0.332     0.463     0.493     0.397     0.380     0.435     0.447     0.548     0.357     0.543     0.522     0.338     0.349     0.258     0.418     0.445     0.598     0.431
apcpsfc      1586714400   18     1.762     1.963     1.712     1.550     2.044     1.451     1.440     1.599     1.440     1.833     1.800     1.692     2.142     2.207     1.648     1.678     1.627     1.457     1.479     1.530     1.587
apcpsfc      1586736000   24     0.643     0.792     0.270     0.764     0.399     0.952     0.377     0.700     0.332     0.250     0.346     0.799     0.499     0.133     0.224     0.696     0.577     0.251     0.592     0.545     0.636
apcpsfc      1586757600   30     0.092     0.127     0.533     0.109     0.478     0.249     0.342     0.155     0.160     0.310     0.302     0.171     0.153     0.255     0.365     0.245     0.197     0.210     0.181     0.698     0.252
apcpsfc      1586779200   36     0.599     0.875     0.603     0.553     0.740     0.796     0.400     0.929     0.573     0.666     0.793     0.586     0.297     0.610     0.284     0.873     0.380     0.685     0.682     0.480     0.847
apcpsfc      1586800800   42     3.986     5.584     3.570     3.791     3.936     5.803     2.531     4.166     3.283     2.824     3.493     3.369     2.915     3.265     1.858     5.121     3.046     4.939     4.096     4.117     3.658
apcpsfc      1586822400   48     4.933     3.691     4.411     5.081     3.791     2.577     6.722     4.568     5.013     7.708     4.902     4.976     5.240     5.299     5.803     4.906     5.356     4.155     6.554     3.915     6.735
apcpsfc      1586844000   54     0.492     0.222     0.498     0.445     0.492     0.270     0.763     0.567     0.686     0.270     1.217     0.545     0.222     0.344     0.399     0.445     0.397     0.270     0.222     0.418     0.693
apcpsfc      1586865600   60     0.048     0.008     0.067     0.000     0.122     0.026     0.074     0.148     0.122     0.024     0.148     0.074     0.000     0.125     0.000     0.071     0.000     0.000     0.000     0.000     0.093
apcpsfc      1586887200   66     0.000     0.000     0.000     0.000     0.000     0.000     0.000     0.000     0.000     0.000     0.000     0.000     0.000     0.000     0.000     0.000     0.000     0.000     0.000     0.000     0.000
apcpsfc      1586908800   72     0.000     0.000     0.000     0.000     0.000     0.000     0.000     0.000     0.000     0.000     0.000     0.000     0.000     0.000     0.000     0.000     0.000     0.000     0.000     0.000     0.000
apcpsfc      1586930400   78     0.000     0.000     0.000     0.000     0.000     0.000     0.000     0.000     0.000     0.000     0.000     0.000     0.100     0.000     0.012     0.000     0.000     0.000     0.000     0.000     0.000
apcpsfc      1586952000   84     0.000     0.000     0.000     0.000     0.000     0.000     0.000     0.000     0.016     0.000     0.000     0.000     0.038     0.000     0.000     0.000     0.000     0.000     0.000     0.026     0.000
apcpsfc      1586973600   90     0.000     0.000     0.000     0.000     0.048     0.000     0.000     0.000     0.000     0.093     0.000     0.000     0.056     0.000     0.010     0.000     0.000     0.000     0.000     0.000     0.000
apcpsfc      1586995200   96     0.000     0.000     0.000     0.000     0.000     0.000     0.000     0.000     0.000     0.000     0.000     0.000     0.010     0.000     0.000     0.000     0.000     0.000     0.000     0.000     0.000
apcpsfc      1587016800  102     0.000     0.000     0.000     0.010     0.000     0.000     0.000     0.000     0.026     0.000     0.000     0.000     0.000     0.000     0.000     0.000     0.048     0.000     0.000     0.000     0.000
apcpsfc      1587038400  108     0.000     0.000     0.000     0.000     0.038     0.000     0.000     0.026     0.000     0.000     0.000     0.000     0.018     0.100     0.000     0.000     0.000     0.122     0.000     0.000     0.000
apcpsfc      1587060000  114     0.196     0.435     2.423     0.000     3.645     1.239     0.100     1.367     1.169     1.107     0.100     0.392     0.206     3.513     0.423     0.000     2.543     2.319     0.576     0.096     0.152
apcpsfc      1587081600  120     0.000     0.348     8.423     0.117     7.059     0.485     0.048     1.360     0.703     0.961     0.000     0.048     0.000     3.590     0.177     0.000     1.343     0.926     0.005     0.050     0.037
apcpsfc      1587103200  126     0.000     0.110     5.146     1.761     0.234     0.000     0.140     0.843     0.000     0.196     0.000     0.000     0.000     1.792     0.296     0.000     0.063     0.354     0.083     0.044     0.074
apcpsfc      1587124800  132     0.492     0.681     2.649     1.286     0.673     0.823     1.549     2.470     0.904     1.678     1.711     0.432     0.053     1.308     1.181     0.000     0.862     1.480     2.026     0.665     0.758
apcpsfc      1587146400  138     1.989     0.885     3.674     4.221     0.748     0.395     2.602    10.657     3.543    15.374     2.890     0.877     2.656     1.698     2.950     0.153     1.897     1.828     4.108     1.777     2.468
apcpsfc      1587168000  144     0.215     0.454     0.990     1.717     0.482     0.265     0.161     7.301     0.560    11.151     0.045     0.000     0.503     2.181     2.094     0.839     0.707     0.291     0.653     0.047     0.587
apcpsfc      1587189600  150     0.000     0.103     0.586     0.000     0.249     0.143     0.011     1.662     0.138     0.944     0.000     0.000     0.003     1.143     0.136     2.506     0.825     0.137     0.012     0.000     0.010
apcpsfc      1587211200  156     0.000     0.011     3.416     0.143     0.049     0.302     0.000     0.856     0.000     0.683     0.834     0.571     0.219     0.413     0.073     0.339     0.538     0.000     0.000     0.920     1.415
apcpsfc      1587232800  162     0.026     0.000     2.007     2.775     0.000     1.604     0.091     0.764     0.000     5.178     4.730     1.339     1.598     0.201     0.849     2.772     0.026     0.000     0.096     2.586     4.740
apcpsfc      1587254400  168     0.008     0.000     0.427     1.904     0.000     0.387     0.000     0.175     0.356     3.684     3.255     0.038     0.676     0.196     0.013     1.030     0.000     0.000     0.860     0.170     0.347
apcpsfc      1587276000  174     0.043     0.000     0.265     0.000     0.003     0.815     0.000     0.003     0.010     0.025     0.678     0.008     0.000     0.000     0.000     0.191     0.000     0.000     0.026     0.000     0.287
apcpsfc      1587297600  180     0.971     0.000     2.196     0.079     0.138     0.460     0.000     0.000     0.000     0.453     0.634     0.003     0.096     0.000     1.501     0.439     0.000     0.000     0.000     0.000     3.085
apcpsfc      1587319200  186     3.782     0.000     4.264     0.385     0.254     2.431     0.000     0.000     1.862     1.580     1.996     0.153     1.726     0.361     8.455     2.347     0.000     0.000     0.000     0.000    13.456
apcpsfc      1587340800  192     0.143     0.000     0.483     0.191     0.076     0.038     0.000     0.000     0.000     0.000     0.293     0.003     0.000     1.217     3.176     0.203     0.000     0.000     0.143     0.000     5.060
apcpsfc      1587362400  198     0.000     0.000     0.944     2.285     0.000     0.003     0.000     0.000     0.000     0.000     0.000     0.000     0.000     1.121     3.423     0.394     0.000     0.000     0.098     0.000     4.050
apcpsfc      1587384000  204     0.271     0.000     2.832     4.306     0.000     0.619     0.000     0.000     0.037     1.853     2.022     0.000     0.086     1.465     4.923     2.255     0.000     0.000     0.284     0.000     4.113
apcpsfc      1587405600  210     2.770     0.000     1.425     5.896     0.000     3.790     0.000     0.000     1.158     5.353     3.796     0.033     3.078     3.133     6.149     6.959     0.000     0.000     0.753     0.014     1.704
apcpsfc      1587427200  216     2.038     0.000     1.475     3.394     0.000     7.226     0.000     0.014     0.740     3.027     0.065     0.024     0.460     1.244     2.299     0.737     0.000     0.000     0.026     0.000     0.808
apcpsfc      1587448800  222     0.168     0.000     0.706     1.907     0.000    10.610     0.000     0.000     0.102     0.191     0.000     0.000     0.516     0.278     1.518     0.134     0.000     0.000     0.043     0.000     2.173
apcpsfc      1587470400  228     1.783     0.000     0.137     3.580     0.000     6.166     0.000     0.010     0.569     0.753     0.000     0.000     1.086     0.219     3.215     0.015     0.000     0.036     0.255     0.000     1.047
apcpsfc      1587492000  234     9.200     0.065     0.233    11.254     0.000     1.731     0.000     0.126     0.820     1.418     0.000     0.003     5.926     0.575     6.334     0.030     0.000     0.311     2.315     0.014     1.085
apcpsfc      1587513600  240     8.119     0.000     0.025     2.357     0.000     0.653     0.000     0.000     0.161     0.069     0.000     0.018     7.034     0.130     3.609     0.046     0.000     0.027     0.321     0.037     0.448
tmp2m        1586671200    6   276.296   276.344   276.148   276.296   276.565   276.139   276.330   276.222   276.087   276.222   276.348   276.131   276.417   276.370   275.896   276.118   275.884   276.049   276.304   276.522   276.348
tmp2m        1586692800   12   283.836   284.008   283.755   284.091   283.568   283.754   283.838   283.787   283.766   283.870   283.562   283.964   283.627   283.267   284.061   283.777   284.125   283.863   283.954   283.596   283.838
tmp2m        1586714400   18   276.772   276.709   277.037   277.164   276.943   277.211   277.134   277.002   276.988   277.063   277.198   276.828   276.787   276.987   276.982   276.937   276.906   277.202   277.169   277.141   277.385
tmp2m        1586736000   24   274.409   274.089   274.345   274.502   274.240   274.241   274.097   274.496   274.300   274.384   274.601   274.327   274.328   274.141   274.152   274.539   274.363   274.459   274.269   274.462   274.595
tmp2m        1586757600   30   275.125   275.086   274.859   275.103   275.149   275.141   274.924   275.116   275.007   274.792   275.212   275.134   274.809   274.876   274.784   275.229   275.075   275.103   275.189   275.327   275.160
tmp2m        1586779200   36   283.885   283.440   283.755   284.057   283.141   282.781   283.785   283.180   284.303   284.140   283.670   283.613   284.618   284.156   284.190   283.023   283.767   283.616   283.412   284.122   282.980
tmp2m        1586800800   42   277.049   276.687   277.016   277.038   276.935   276.415   277.296   276.992   277.183   277.099   277.308   277.061   277.154   276.996   277.271   276.417   277.144   276.686   276.666   277.270   276.846
tmp2m        1586822400   48   273.805   272.695   273.827   273.311   274.306   272.473   274.187   274.009   274.732   272.510   274.549   274.072   273.586   273.423   274.170   272.457   274.352   273.029   273.152   274.005   273.151
tmp2m        1586844000   54   270.677   269.836   270.715   270.057   271.254   269.801   270.335   271.251   272.643   269.905   271.287   271.194   270.882   271.293   271.056   269.670   271.357   270.290   269.871   271.418   269.245
tmp2m        1586865600   60   276.966   276.790   276.693   276.828   277.175   276.581   276.248   276.615   278.313   276.396   276.065   276.992   278.309   277.083   277.841   275.695   277.950   276.678   276.012   278.303   274.815
tmp2m        1586887200   66   271.373   271.204   271.161   271.216   271.602   271.108   271.182   271.418   273.229   270.985   270.670   271.234   272.723   272.057   272.222   270.323   272.451   271.530   270.902   272.902   269.546
tmp2m        1586908800   72   268.274   268.599   267.919   268.053   269.298   268.354   268.594   267.657   271.238   268.671   265.906   267.619   272.223   269.012   270.547   266.801   270.687   267.528   267.636   271.760   264.049
tmp2m        1586930400   78   273.708   273.708   273.344   273.413   274.196   273.347   273.361   273.395   275.176   273.311   272.643   273.607   275.149   273.895   274.283   272.650   274.256   273.274   273.019   274.883   271.521
tmp2m        1586952000   84   283.794   284.941   284.597   283.467   285.521   284.886   283.135   283.705   284.894   284.497   284.060   284.113   284.078   284.095   284.092   283.764   283.350   283.378   282.995   284.136   282.440
tmp2m        1586973600   90   275.425   276.057   275.551   275.148   277.813   277.130   274.838   274.712   276.473   275.883   274.898   275.717   276.824   275.244   275.663   274.955   276.126   275.077   274.912   277.133   274.726
tmp2m        1586995200   96   274.203   275.007   274.121   273.602   274.710   274.370   273.988   273.770   275.609   273.911   273.719   274.642   275.062   274.194   274.311   273.588   273.741   273.540   273.473   275.483   273.005
tmp2m        1587016800  102   276.924   276.575   276.580   276.597   276.318   276.160   276.275   276.716   277.594   276.263   276.888   276.759   277.231   276.962   276.812   276.332   276.899   277.005   276.641   276.930   276.274
tmp2m        1587038400  108   287.703   287.236   286.634   286.588   287.009   288.110   286.729   287.924   287.927   286.938   287.745   287.946   287.893   287.052   287.185   287.209   286.760   286.186   288.091   288.069   287.755
tmp2m        1587060000  114   278.940   278.831   278.928   279.837   279.465   278.681   278.357   278.514   280.007   279.024   278.681   279.002   279.155   279.504   278.679   277.548   278.687   278.739   278.421   280.209   278.099
tmp2m        1587081600  120   276.004   276.547   277.087   277.217   277.455   276.533   276.283   276.685   277.345   276.593   275.695   276.033   276.382   277.173   276.877   275.918   276.415   276.861   276.213   276.401   275.873
tmp2m        1587103200  126   278.564   277.945   276.197   277.845   276.810   277.758   277.746   278.559   278.431   277.690   278.310   278.300   279.438   277.380   278.188   279.356   277.580   278.129   278.493   278.699   278.861
tmp2m        1587124800  132   287.645   286.070   279.434   284.633   281.218   286.525   284.846   284.262   286.469   283.580   285.562   287.197   289.141   281.709   286.686   290.017   285.896   283.526   285.495   287.105   285.842
tmp2m        1587146400  138   279.807   279.087   277.335   279.200   276.676   280.069   278.469   278.587   279.617   279.230   279.004   280.180   280.615   276.961   279.701   282.358   279.294   278.239   279.537   280.586   279.487
tmp2m        1587168000  144   275.321   275.846   276.223   276.039   273.950   277.809   275.329   276.732   277.709   277.870   275.583   276.016   278.030   275.173   276.858   279.228   276.505   275.476   275.770   276.892   276.569
tmp2m        1587189600  150   279.307   274.789   276.226   278.972   273.507   279.419   276.800   276.935   276.760   278.580   278.191   279.203   280.864   273.285   278.731   280.306   275.766   274.607   276.904   278.712   279.092
tmp2m        1587211200  156   290.448   285.039   279.095   289.269   281.053   289.353   288.207   281.494   287.503   285.446   286.861   287.285   291.866   276.710   288.306   289.378   278.057   283.877   287.406   286.159   287.488
tmp2m        1587232800  162   281.336   277.558   275.860   281.421   274.610   282.103   279.283   278.913   279.694   280.916   280.093   281.949   283.676   271.779   280.892   283.302   273.068   276.059   280.608   279.979   280.798
tmp2m        1587254400  168   278.969   272.517   273.262   278.316   269.694   280.160   273.509   275.994   277.545   278.338   277.819   278.589   279.739   268.231   277.529   280.860   267.265   270.507   277.155   276.545   276.355
tmp2m        1587276000  174   280.307   277.352   273.055   279.635   273.064   280.889   277.470   275.697   278.763   278.879   278.760   279.405   280.823   269.534   279.322   281.584   270.230   275.424   278.521   276.981   279.533
tmp2m        1587297600  180   289.408   288.527   278.152   289.869   279.155   288.976   286.871   286.002   290.444   288.261   287.418   289.579   291.714   280.771   284.208   289.391   281.325   286.240   286.016   286.692   284.088
tmp2m        1587319200  186   283.247   278.617   275.463   283.611   274.138   283.483   278.119   279.295   281.576   282.617   281.604   281.551   284.778   273.835   280.485   284.508   274.188   277.291   278.443   279.338   280.219
tmp2m        1587340800  192   279.031   275.372   273.071   280.301   269.730   280.201   272.175   275.345   278.055   278.762   277.635   277.640   280.770   270.424   278.444   280.825   270.953   271.818   274.979   274.405   277.874
tmp2m        1587362400  198   281.140   278.873   274.148   281.052   272.484   282.061   274.939   279.921   280.303   280.942   280.318   280.187   282.519   270.985   279.277   283.728   275.276   276.965   277.682   278.386   278.952
tmp2m        1587384000  204   292.001   289.954   278.880   284.763   282.353   292.102   283.050   292.352   290.901   288.932   288.005   289.231   293.654   276.442   283.711   290.624   289.320   286.798   285.581   291.783   283.579
tmp2m        1587405600  210   283.963   280.432   277.222   281.506   276.223   285.152   275.806   283.263   283.699   283.219   281.971   281.093   286.004   272.432   280.676   284.521   279.305   278.688   279.024   282.339   281.592
tmp2m        1587427200  216   279.241   273.421   273.962   279.243   269.542   282.339   267.506   279.080   279.522   279.447   276.969   273.508   281.489   268.388   277.273   282.076   273.223   271.437   273.956   276.847   278.558
tmp2m        1587448800  222   281.760   278.059   274.469   279.327   275.020   282.108   270.823   282.115   279.591   281.322   279.397   276.566   284.276   268.957   275.902   280.975   276.361   273.364   275.953   279.601   278.823
tmp2m        1587470400  228   287.109   286.255   282.610   282.497   285.253   283.116   280.582   290.982   285.663   287.284   287.576   284.643   289.654   276.144   280.288   288.188   284.476   281.316   284.775   288.934   285.457
tmp2m        1587492000  234   281.295   279.245   279.078   279.888   278.523   279.316   275.133   283.022   280.137   282.560   280.205   278.229   284.356   272.661   277.489   282.305   277.285   275.392   278.238   280.922   281.664
tmp2m        1587513600  240   278.750   271.614   275.272   276.701   271.568   276.400   267.395   277.576   274.687   275.649   274.810   272.570   281.239   266.367   274.668   277.988   269.491   269.164   275.487   276.908   277.632
tcdcclm      1586671200    6     1.930     2.274     1.940     2.311     3.128     1.655     2.051     2.409     1.952     1.416     2.954     2.059     2.102     2.351     0.690     2.030     1.652     1.923     2.315     3.093     2.167
tcdcclm      1586692800   12     3.197     2.895     2.878     3.099     3.427     3.648     3.407     3.537     3.579     3.073     3.469     2.754     2.871     3.232     2.062     3.105     1.368     3.146     3.528     3.305     3.183
tcdcclm      1586714400   18     3.864     3.046     3.519     4.067     4.449     4.028     3.196     3.668     3.976     3.195     5.034     3.638     2.873     3.217     4.025     4.466     3.690     4.349     3.522     3.633     4.851
tcdcclm      1586736000   24     5.622     5.295     5.444     6.226     5.196     4.960     5.041     6.080     5.375     5.375     5.515     5.359     5.636     4.300     4.678     6.111     5.726     5.873     5.528     5.500     6.468
tcdcclm      1586757600   30     6.598     5.466     6.286     6.658     6.713     6.974     6.373     6.702     6.513     6.416     6.646     6.910     5.234     5.845     6.386     7.308     6.503     7.024     6.350     6.249     6.428
tcdcclm      1586779200   36     5.795     5.519     5.908     4.899     6.896     6.153     6.044     6.184     5.648     4.183     5.683     6.675     4.054     4.532     5.971     6.177     6.080     5.786     6.314     5.837     6.129
tcdcclm      1586800800   42     6.789     6.905     6.363     6.596     7.297     7.511     6.954     6.797     6.916     6.518     6.713     7.038     6.791     5.004     6.781     6.985     6.895     7.125     7.277     6.956     6.935
tcdcclm      1586822400   48     7.479     6.598     7.218     7.484     7.604     6.621     7.655     7.337     7.503     7.350     7.621     7.383     7.146     7.014     7.617     7.319     7.599     7.265     7.399     7.002     7.617
tcdcclm      1586844000   54     5.602     5.595     5.926     5.669     5.874     5.589     5.670     5.781     6.518     5.306     5.926     5.525     5.568     5.529     5.681     5.466     5.816     5.298     5.509     5.526     5.686
tcdcclm      1586865600   60     2.613     1.529     2.617     0.824     3.176     2.655     3.130     3.840     4.426     1.756     3.588     2.587     0.669     3.554     1.147     3.232     1.560     1.157     1.852     2.252     3.451
tcdcclm      1586887200   66     0.000     0.098     0.098     0.119     0.098     0.111     0.157     0.118     0.757     0.098     0.046     0.059     0.223     0.139     0.098     0.007     0.195     0.080     0.000     0.428     0.146
tcdcclm      1586908800   72     0.139     0.105     0.105     0.139     0.105     0.156     0.254     0.139     0.389     0.105     0.073     0.067     0.767     0.734     0.254     0.073     0.202     0.369     0.135     0.422     0.073
tcdcclm      1586930400   78     0.983     0.451     0.686     0.513     1.801     1.775     0.449     2.087     4.279     1.157     0.482     0.620     4.966     2.970     3.077     0.348     2.602     2.124     2.261     4.770     0.665
tcdcclm      1586952000   84     1.558     1.881     2.488     1.221     2.202     2.920     0.111     3.074     3.487     1.929     0.674     1.157     2.741     4.122     2.158     1.177     3.872     1.925     2.497     4.412     0.769
tcdcclm      1586973600   90     0.986     1.171     1.984     0.578     3.836     0.845     0.140     1.113     1.066     4.528     2.275     1.219     3.013     2.868     2.048     0.621     0.944     1.832     2.022     2.818     0.904
tcdcclm      1586995200   96     0.474     0.319     0.806     1.165     1.843     0.496     1.010     0.410     1.837     0.949     0.365     1.392     2.126     3.392     0.253     1.526     0.933     1.441     0.721     0.783     0.930
tcdcclm      1587016800  102     3.896     0.784     0.441     4.758     1.343     0.895     5.021     3.315     6.082     0.817     1.397     1.339     2.068     1.651     0.520     0.533     4.637     1.782     2.143     1.653     2.402
tcdcclm      1587038400  108     1.776     2.455     3.337     3.886     2.642     3.326     1.344     3.248     2.025     0.482     0.887     0.684     2.059     1.044     2.862     3.310     1.950     2.552     1.764     5.067     5.449
tcdcclm      1587060000  114     5.358     6.874     5.958     6.379     6.343     6.058     2.274     6.796     5.024     2.407     6.321     6.259     6.362     6.578     6.861     1.591     4.013     6.177     5.430     5.732     5.875
tcdcclm      1587081600  120     1.883     5.249     7.044     5.241     7.855     7.262     6.154     6.737     5.696     4.301     3.463     1.633     1.191     7.201     7.344     3.299     6.418     6.027     5.765     0.857     6.450
tcdcclm      1587103200  126     0.311     3.055     7.979     6.397     7.209     3.690     6.268     6.750     3.373     4.506     3.390     0.716     3.814     6.902     7.095     4.976     3.778     4.306     5.341     3.475     4.291
tcdcclm      1587124800  132     1.619     2.398     7.667     3.775     3.913     2.026     5.360     4.949     1.011     5.713     5.137     1.948     5.650     4.930     1.883     3.106     3.428     3.082     4.686     2.865     1.616
tcdcclm      1587146400  138     3.194     1.918     7.084     5.556     4.798     5.078     2.362     6.309     5.507     7.061     4.588     3.531     5.499     5.598     5.767     4.968     6.264     2.069     2.463     5.099     6.169
tcdcclm      1587168000  144     1.719     6.541     7.697     4.159     6.850     5.556     4.518     7.802     6.691     7.979     2.656     3.914     5.678     7.681     4.679     6.815     4.920     5.659     4.451     6.726     3.432
tcdcclm      1587189600  150     2.233     5.932     7.189     2.539     6.576     5.678     1.420     6.788     5.675     6.915     1.879     0.987     4.816     7.241     4.677     7.627     7.633     5.124     2.175     5.682     7.064
tcdcclm      1587211200  156     0.143     1.521     6.896     2.717     3.341     4.700     0.692     6.278     1.032     2.925     3.273     1.741     4.208     6.988     2.748     4.756     7.187     0.525     1.328     2.076     6.777
tcdcclm      1587232800  162     1.990     0.199     6.456     5.956     0.294     7.720     1.418     3.282     0.164     6.675     4.167     4.300     5.207     5.400     2.207     7.773     1.834     0.063     4.720     4.885     6.545
tcdcclm      1587254400  168     5.205     0.143     6.451     4.753     0.435     7.496     3.292     5.761     1.975     6.129     3.280     5.063     3.455     5.981     4.102     7.190     0.709     0.059     7.180     4.724     5.525
tcdcclm      1587276000  174     6.521     0.156     4.861     4.566     5.543     7.599     3.940     3.948     3.865     1.325     4.576     4.791     4.591     0.388     6.710     5.611     0.080     0.178     4.434     2.552     6.339
tcdcclm      1587297600  180     5.143     0.038     5.288     2.160     5.945     2.787     4.044     2.950     1.712     0.836     1.497     4.093     3.929     1.245     6.952     7.058     0.132     0.059     2.517     0.073     7.225
tcdcclm      1587319200  186     5.541     0.327     6.304     6.041     5.817     6.021     2.341     2.708     5.575     3.788     2.604     2.077     6.657     5.080     7.277     7.575     0.059     0.038     1.432     0.139     7.143
tcdcclm      1587340800  192     3.226     0.524     7.055     7.328     3.887     6.274     0.128     1.672     7.197     3.065     0.296     2.139     7.344     6.188     7.415     5.677     0.073     0.119     0.864     0.229     6.933
tcdcclm      1587362400  198     0.763     0.602     7.263     6.804     0.220     3.369     0.178     1.452     4.449     2.799     0.300     2.202     5.374     5.595     7.144     5.743     0.101     0.080     1.908     1.107     6.683
tcdcclm      1587384000  204     1.470     0.451     7.549     7.608     0.166     5.029     0.080     2.697     2.112     3.227     0.210     0.709     5.519     5.444     7.018     4.694     0.021     2.858     2.202     1.878     7.303
tcdcclm      1587405600  210     5.042     0.690     7.418     7.908     0.133     5.917     0.262     2.457     2.713     5.134     3.148     0.149     5.526     5.913     7.129     5.385     0.028     2.804     1.783     0.720     5.936
tcdcclm      1587427200  216     4.580     0.678     7.575     7.684     0.118     7.512     0.101     4.523     3.919     5.560     0.819     0.080     5.952     5.688     6.966     5.225     1.928     0.910     2.640     1.540     6.860
tcdcclm      1587448800  222     5.871     0.958     6.907     7.214     0.541     7.735     0.168     7.040     2.818     2.633     0.080     0.153     6.151     4.788     5.989     5.551     2.412     0.847     3.971     2.217     7.267
tcdcclm      1587470400  228     6.898     0.502     5.836     5.448     1.577     7.514     0.168     3.585     4.695     2.486     0.101     0.080     4.251     3.211     7.165     2.248     0.139     0.443     2.628     0.355     5.322
tcdcclm      1587492000  234     7.241     0.447     5.500     6.791     2.191     7.464     0.136     2.688     5.361     4.259     0.059     0.202     5.683     3.715     6.914     1.662     2.926     0.772     4.805     0.369     5.095
tcdcclm      1587513600  240     7.905     0.523     6.596     5.773     2.149     6.792     0.095     0.157     6.518     2.878     0.038     0.772     7.434     1.889     7.130     3.869     0.451     0.582     6.271     0.516     4.258
